Topic: CD012521 

Title: Interventions using social networking sites to promote contraception in women of reproductive age 

Query: 
CONTRACEPTION/ EXP
CONTRACEPTIVE/
CONTRACEPTIVE AGENT/
CONTRACEPTIVE BEHAVIOUR/
CONTRACEPTIVE DEVICE
FAMILY PLANNING/
Contracept*
Condom*
Contraceptive agent
Barrier contracepti*
Family planning
Emergency contracept*
Intrauterine contracept* device*
Postcoital contracept*
OR 1-14
SOCIAL NETWORK/
SOCIAL MEDIA/
Social Media
Social network*
Facebook
Twitter
Instagram
Snapchat
Myspace
OR 16-24
15 AND 25
limit 26 to ED=19460101-20180115 

Pids: 
    8285845 
    10619691 
    26271813 
    27697868 
    12178155 
    4081975 
    12476258 
    10184747 
    23782243 
    26400079 
    23718965 
    26562130 
    24682940 
    23212852 
    16755389 
    26631913 
    28659456 
    7785063 
    26591667 
    23110684 
    24633654 
    22239559 
    20864007 
    26913907 
    15118157 
    12347375 
    9744842 
    24828237 
    19458533 
    19762673 
    26581063 
    26281855 
    24622631 
    24084394 
    25874978 
    24631099 
    25495334 
    27022083 
    26363309 
    16107433 
    21465719 
    22610421 
    26545126 
    28875865 
    25883155 
    8838709 
    21882072 
    23008123 
    28367747 
    26241742 
    26588115 
    19876728 
    20656719 
    23926515 
    27710085 
    1462599 
    25687900 
    14960403 
    23438268 
    18190274 
    27327624 
    21338908 
    28282651 
    25563502 
    15134122 
    10221553 
    22724671 
    23806620 
    28402405 
    25906046 
    26588663 
    23871131 
    9584578 
    25883157 
    9542466 
    11266049 
    23177265 
    2029939 
    25129330 
    25921020 
    26687080 
    25938795 
    16228708 
    19245304 
    12294443 
    24639448 
    20362377 
    17988428 
    25411685 
    18397580 
    22818488 
    23128646 
    8203696 
    24264373 
    26718361 
    26179596 
    14675931 
    21452091 
    23298980 
    20973663 
    11091782 
    15587691 
    16203631 
    26761520 
    9015882 
    23997285 
    26171927 
    12316176 
    8599134 
    28134002 
    6633983 
    25883156 
    27885551 
    24919295 
    23206201 
    21931856 
    28245806 
    24248803 
    27587933 
    26336157 
    16791539 
    11138917 
    24785602 
    26920252 
    28796578 
    6724424 
    19803695 
    26801225 
    25416309 
    8681919 
    26514184 
    12282231 
    26332926 
    12512850 
    26650382 
    16806651 
    20390503 
    24132072 
    22724672 
    12179227 
    12794201 
    26874081 
    25244688 
    19230454 
    12783769 
    15970576 
    17357532 
    20625926 
    12345378 
    12317628 
    26298584 
    24383405 
    21555096 
    27057337 
    11241927 
    22067784 
    25582361 
    22290610 
    25845531 
    8484432 
    26025424 
    21811843 
    17690975 
    8876353 
    11573836 
    23439583 
    18214720 
    12455760 
    9226791 
    17240504 
    27227161 
    26792089 
    8829297 
    26178853 
    15627230 
    22983537 
    25098569 
    24466166 
    24641669 
    12339484 
    22348038 
    26745142 
    26148859 
    12339898 
    24116886 
    21348013 
    25894645 
    12866833 
    27733102 
    23709608 
    24232583 
    3706034 
    25904669 
    6701952 
    26558628 
    27277945 
    25677334 
    26996737 
    12570967 
    27227126 
    19131885 
    26444390 
    26878865 
    21204625 
    24055754 
    12471851 
    26582759 
    23079168 
    12287215 
    20395584 
    23569641 
    22579117 
    17600974 
    22633248 
    21595371 
    26769874 
    22638867 
    24073183 
    21929556 
    11800513 
    21861193 
    24992659 
    22370730 
    9722822 
    28216129 
    26916740 
    8834267 
    25674755 
    23572155 
    15480121 
    9275246 
    27115604 
    20798150 
    20137517 
    27835860 
    21918469 
    9698635 
    25635774 
    25491398 
    23631717 
    23512830 
    17559014 
    12289982 
    22666563 
    16793307 
    16227798 
    25537853 
    23684181 
    26098283 
    26600816 
    22752574 
    25105560 
    25572832 
    8066491 
    29093054 
    23892156 
    26223447 
    25730519 
    21852650 
    26485235 
    6364570 
    24469223 
    11272343 
    25884675 
    25175677 
    10768073 
    23605157 
    20024701 
    22999840 
    24587068 
    19704396 
    12286125 
    28858145 
    24069768 
    10212522 
    18191393 
    11227844 
    28467158 
    17151033 
    25702068 
    21054614 
    26945592 
    27244770 
    24440770 
    26182060 
    20597459 
    23386580 
    23084164 
    25871935 
    26378188 
    12345951 
    25092355 
    20869146 
    22824446 
    24220354 
    7841264 
    8297714 
    26564478 
    24980249 
    27306780 
    12294914 
    21082341 
    23337208 
    22739480 
    16488812 
    17938091 
    24321116 
    21702965 
    27175792 
    25866166 
    25384906 
    27770775 
    25397480 
    25300319 
    21939865 
    23514622 
    26705517 
    24894575 
    16555535 
    25973907 
    19356834 
    23174462 
    19732696 
    21457169 
    27055001 
    21711162 
    24639748 
    25731656 
    25016170 
    25599259 
    12222350 
    25124206 
    12287850 
    8862156 
    17537167 
    24783195 
    26947702 
    14570443 
    12511210 
    25145608 
    1297899 
    18351487 
    23054043 
    25572834 
    22536914 
    12290193 
    28693461 
    26190841 
    25207449 
    20628897 
    25113395 
    12294627 
    12294636 
    12285446 
    27496795 
    23605854 
    16395945 
    9388397 
    27401537 
    23644817 
    12318080 
    10574232 
    12347047 
    25256808 
    22958662 
    12285348 
    27438297 
    25404724 
    25358834 
    16830606 
    26472349 
    9866006 
    28809948 
    21259130 
    23449623 
