Topic: CD011436 

Title: The use of ultrasound guidance for perioperative neuraxial and peripheral nerve blocks in children 

Query: 
exp ULTRASONOGRAPHY/ or ((ultrasound* or ultrasonog*) adj10 (guid* or assess* or assist*)).mp.
 exp Nerve Block/ or exp Anesthesia, Local/ or exp Anesthesia, Spinal/ or (nerv* adj5 block*).mp. or (regional adj5 (an?est* or techniq*or block*)).mp.
 exp child/ or exp infant/ or (child* or neonat* or preschool* or adolescen* or infant* or p?ediatric*).af.
 ((randomized controlled trial or controlled clinical trial).pt. or randomized.ab. or placebo.ab. or drug therapy.fs. or randomly.ab. or trial.ab. or groups.ab. or (meta?analysis or review or systematic review).mp.) not (animals not (humans and animals)).sh.
 1 and 2 and 3 and 4
limit 5 to ED=19460101-20180307 

Pids: 
    24704366 
    28235529 
    26864002 
    19798014 
    23587731 
    27555128 
    26164309 
    24126691 
    24172670 
    25255663 
    23591549 
    20605438 
    26077469 
    21324045 
    19422409 
    23972755 
    15041578 
    27663451 
    26659199 
    16534352 
    22476239 
    27555193 
    22781525 
    20048654 
    24582844 
    22295045 
    23278906 
    24276107 
    21455076 
    22005660 
    28213879 
    28343663 
    20404721 
    18591703 
    26123144 
    7318843 
    25058197 
    20847066 
    22164985 
    20227211 
    20221859 
    26632911 
    28377023 
    23161360 
    23491212 
    22197343 
    19222416 
    20377542 
    15923270 
    27329990 
    19417603 
    22050550 
    20957010 
    19207895 
    8109769 
    15966500 
    22050512 
    28198572 
    20657278 
    19567091 
    23614955 
    18482232 
    26277873 
    22591488 
    28027224 
    26738646 
    23566593 
    20514962 
    16557448 
    27246662 
    25571981 
    16453221 
    25844062 
    27041256 
    27552333 
    23004225 
    22177777 
    20865457 
    20839718 
    23059451 
    24112798 
    20705778 
    21576095 
    23980718 
    22651794 
    19681774 
    22081114 
    19819099 
    21156983 
    22088898 
    15966492 
    26761379 
    11506099 
    27279511 
    19372326 
    24126617 
    25412051 
    24173546 
    22692326 
    21619663 
    20166075 
    20849498 
    27308952 
    25678228 
    25186519 
    20236097 
    23482999 
    20055762 
    25561423 
    16960634 
    24491660 
    7909642 
    24310853 
    21856778 
    22965458 
    24348179 
    25247912 
    16698252 
    21822134 
    20216019 
    26895372 
    16972828 
    19703673 
    23549123 
    21334512 
    18774514 
    24233333 
    22734804 
    22315328 
    19419356 
    19276797 
    17507247 
    27383653 
    22082183 
    23683056 
    20068455 
    18655273 
    16029402 
    21981097 
    25059918 
    24758775 
    24519789 
    20179511 
    18433678 
    20085542 
    20078818 
    26857539 
    26884660 
    28199752 
    27467116 
    25462201 
    18682410 
    26308515 
    25242701 
    20142336 
    27062620 
    21155932 
    19574870 
    21697688 
    24560527 
    20034967 
    23788068 
    18946430 
    15200537 
    26556653 
    24882606 
    21772142 
    23986434 
    17040299 
    15601350 
    12088971 
    21610557 
    19408792 
    19335342 
    22023423 
    25612162 
    22183156 
    17479027 
    21804893 
    23807495 
    17021498 
    23927552 
    27852382 
    26652009 
    27810148 
    26695878 
    21824214 
    26914135 
    23319528 
    22307191 
    23384731 
    24518763 
    19627532 
    20686008 
    16735814 
    17478453 
    17952031 
    25137868 
    17174518 
    20216025 
    18544144 
    27755057 
    20428987 
    23890290 
    25915202 
    26865133 
    22834467 
    24061718 
    22405434 
    21824215 
    21504934 
    22462179 
    24651214 
    16720672 
    22402845 
    23760519 
    15277302 
    24191378 
    25040168 
    21750097 
    26582315 
    23293386 
    25331111 
    27641088 
    22462180 
    21933301 
    22967159 
    28362032 
    25955172 
    20921834 
    28303298 
    23338056 
    24853314 
    24918330 
    18477070 
    15277928 
    22664978 
    18950331 
    23252715 
    27498527 
    21917224 
    21241416 
    17449890 
    12543570 
    25268398 
    21857268 
    22459100 
    27900771 
    27555187 
    24096912 
    18840118 
    26974975 
    20225073 
    19186024 
    24574507 
    27483647 
    23549122 
    21748662 
    22023417 
    23493806 
    23492960 
    24317232 
    20964768 
    24682079 
    27008294 
    19051446 
    27343781 
    11157665 
    25675289 
    24338117 
    26681523 
    18477077 
    28222631 
    28197774 
    18345720 
    27731956 
    15550369 
    24709667 
    26626896 
    22826530 
    19448233 
    25186518 
    23101776 
    20857679 
    26095747 
    27687350 
    19921391 
    16735813 
    23007903 
    23361468 
