Topic: CD010526 

Title: Dental cavity liners for Class I and Class II resin‐based composite restorations 

Query: 
Dental cavity liners/ 
 ((dental or cavit$) adj3 (liner$ or lining$)).ti,ab.       
 ("cavity lining varnish$" or "cavity varnish$").ti,ab.                    
 ((liner$ or lining$ or base$) adj3 ("zinc oxide-eugenol" or "zinc oxide eugenol" or "zinc phosphate" or polycarboxylate or "glass ionomer" or glassionomer or  glass-ionomer or "calcium hydroxide")).ti,ab.             
 or/1-4
 randomized controlled trial.pt.
 controlled clinical trial.pt.
 randomized.ab.
 placebo.ab.
 drug therapy.fs.
 randomly.ab.
 trial.ab.
 groups.ab.
 or/6-13
 exp animals/ not humans.sh.
 14 not 15
 5 AND 16
limit 17 to ED=19460101-20181112 

Pids: 
    25859102 
    8509736 
    25571688 
    10434089 
    1739506 
    1803337 
    21231818 
    11979718 
    1303376 
    24155619 
    25162722 
    2620286 
    15646604 
    30074007 
    17893878 
    28195270 
    20859480 
    16563433 
    19995507 
    12797564 
    12131984 
    26321822 
    12216572 
    14677616 
    24240900 
    11210246 
    8229888 
    15685608 
    26494267 
    10388372 
    15491087 
    10825836 
    26499474 
    23534017 
    16195790 
    15575449 
    24769385 
    1882096 
    9353579 
    9452634 
    7988766 
    17082278 
    11480646 
    12615021 
    24799118 
    9760358 
    9569785 
    19051855 
    18076581 
    21891895 
    8294665 
    19089061 
    21125881 
    29267662 
    11203864 
    12004668 
    15667628 
    15910477 
    5279871 
    7576386 
    9198409 
    8402806 
    1337601 
    25748671 
    11572297 
    5248437 
    18793925 
    18833866 
    12772967 
    28836525 
    15765955 
    4876917 
    20580767 
    11203780 
    20166406 
    18264531 
    3461594 
    9569992 
    8225643 
    22532947 
    2637326 
    9175362 
    15478480 
    1810321 
    11725662 
    15451239 
    23207674 
    27058704 
    8598246 
    1388954 
    2086297 
    9011846 
    16128999 
    10528973 
    27058384 
    1311379 
    21417120 
    2076249 
    11203849 
    8695005 
    25102461 
    20831133 
    25952930 
    22077915 
    9461930 
    1062319 
    11264938 
    7989627 
    15027744 
    1389340 
    28914251 
    24598500 
    20836956 
    17629200 
    12191668 
    9687117 
    9513097 
    28701637 
    17878087 
    2402605 
    15646229 
    1403914 
    23649064 
    15316187 
    1494114 
    20158531 
    11433855 
    10052625 
    19581032 
    2700179 
    27894521 
    1803333 
    19089058 
    17437872 
    18335117 
    11203837 
    25834589 
    23119970 
    19100611 
    19619424 
    20415913 
    20351975 
    2746538 
    25183493 
    5265138 
    11692340 
    9569791 
    12572646 
    2074299 
    23285393 
    23579894 
    19553715 
    9728147 
    1940749 
    9002798 
    12670067 
    17309743 
    9754747 
    22319529 
    17910223 
    16513240 
    2096890 
    17489478 
    19811511 
    291617 
    11931139 
    17062744 
    2277155 
    21945768 
    20978719 
    1067724 
    1389342 
    23534045 
    12061017 
    7774173 
    22666827 
    2079176 
    11357569 
    21047091 
    23355492 
    12120714 
    9198411 
    20411833 
    12131985 
    29938411 
    26949234 
    22999372 
    2743378 
    27241991 
    28292334 
    1817578 
    19953773 
    24155620 
    17489480 
    22313275 
    29061359 
    11137633 
    26780162 
    21814362 
    1814770 
    22532941 
    2635382 
    8710706 
    19358380 
    5247921 
    25095316 
    23343804 
    2081956 
    19363973 
    2375848 
    21496674 
    8006968 
    24513071 
    18042222 
    22186810 
    22144815 
    12877432 
    21660022 
    17518983 
    8056177 
    16861071 
    1389343 
    22724110 
    16599330 
    26891618 
    23713806 
    9002797 
    23855170 
    22414157 
    18611099 
    20031198 
    15167466 
    28845033 
    12413170 
    21913841 
    9002794 
    2268634 
    21118042 
    16969818 
    14608247 
    16689065 
    11203962 
    14579881 
    12193902 
    26221927 
    8069558 
    9693571 
    10323159 
    11764110 
    8595104 
    1437685 
    12653316 
    24492118 
    5228780 
    22046693 
    19492715 
    25237642 
    2345211 
    22867859 
    19544820 
    20718213 
    9282547 
    29504326 
    14511732 
    14960003 
    21874940 
    23952130 
    8456254 
    25740162 
    12236642 
    22013889 
    1291521 
    20467156 
    27012571 
    10520149 
    2135427 
    2681306 
    16423029 
    22152629 
    28682281 
    21842145 
    9161210 
    8700767 
    23123495 
    19133087 
    22888444 
    16206202 
    10850252 
    10826048 
    22583884 
    17545663 
    8152986 
    27780315 
    2300793 
    11151493 
    23904575 
    26238529 
    19936526 
    11485250 
    18175308 
    1506519 
    22298552 
    16555659 
    18177033 
    1810331 
    20027452 
    26159385 
    25141202 
    26961333 
    19892286 
    21383518 
    28867360 
    15241910 
    24579275 
    15053914 
    1402560 
    18355252 
    25799383 
    26751112 
    25756048 
    20878027 
    7498591 
    2607280 
    18997911 
    19583764 
    18811097 
    16838478 
    16102288 
    1591117 
    20359424 
    22414504 
    12735916 
    18389342 
    17571933 
    9610330 
    12017177 
    2076236 
    9484142 
    1389341 
    2076239 
    12702125 
    24147747 
    15889658 
    1299252 
    6943661 
    22524073 
    11203863 
    23508925 
    17510663 
    19196659 
    11764125 
    20139340 
    21702678 
    27047750 
    1291393 
    17244149 
    2638272 
    19089285 
    25834599 
    8425985 
    11307247 
    9793283 
    9540317 
    16776409 
    24103086 
    24631232 
    12691270 
    10856807 
    10832254 
    12413228 
    2014389 
    17910217 
    18652273 
    9588136 
    23404002 
    27563178 
    20877157 
    22279037 
    10050116 
    2503551 
    26236077 
    19168273 
    18422585 
    25095310 
    19875314 
    16102080 
    26264630 
    1305153 
    10405472 
    25162049 
    23019833 
    26799812 
    2150073 
    24262395 
    17014529 
    17994155 
    15470882 
    29690959 
    20171370 
    9002803 
    28292337 
    8378048 
    2076225 
    27957486 
    2561747 
    22353457 
    26794189 
    9250836 
    7759984 
    27802124 
    10388369 
    22848036 
    26990606 
    14601476 
    19903639 
    8054183 
    18293762 
    16317555 
    26458642 
    20951420 
    27020910 
    28287572 
    27119759 
    16261798 
    15536856 
    9552819 
    25006464 
    11317400 
    5252641 
    1906718 
    29996359 
    9028239 
    21594230 
    8866262 
    12898294 
    12540117 
    22575738 
    9484163 
    7588340 
    9063214 
    16426507 
    16683683 
    20572864 
    25087660 
    20660970 
    26957789 
    27107550 
    1718955 
    16827017 
    20924547 
    21261777 
    19884732 
    21877713 
    21409760 
    11380791 
    19548010 
    15926436 
    2095808 
    23092141 
    16430009 
    23863205 
    9669456 
    16128255 
    11887513 
    20452013 
    27033226 
    19075450 
    19025411 
    18789520 
    11696918 
    15044394 
    16036128 
    16924985 
    19648746 
    22269198 
    25882952 
    10373092 
    17672262 
    24969592 
    7643040 
    14964681 
    22137936 
    26665259 
    12615023 
    12165766 
    4969599 
    8182381 
    8430283 
    5243415 
    21219366 
    2489998 
    12244738 
    11458251 
    6587326 
    16498526 
    28328229 
    25646166 
    9588153 
    16741831 
    10321178 
    23570295 
    8237310 
    27794149 
    16005793 
    9545878 
    22390632 
    17315796 
    8143437 
    27538739 
    11194361 
    17333769 
    2258504 
    15273640 
    25995122 
    12120767 
    12064499 
    26962309 
    20027430 
    17472181 
    9002870 
    22782061 
    11306159 
    20944889 
    1465561 
    16728245 
    15458506 
    15490780 
    15255437 
    19089038 
    21653696 
    19089068 
    7988770 
    2605764 
    27557913 
    17896116 
    8300324 
    9484151 
    25598813 
    11931134 
    9227124 
    26062855 
    2218042 
    20437725 
    12413218 
    9415763 
    27200279 
    24783147 
    21525687 
    10337298 
    8217887 
    2050871 
    11208208 
    20888884 
    21500481 
    26265350 
    10865391 
    26578117 
    291538 
    273363 
    2391664 
    24151926 
    16924340 
    12554113 
    14674504 
    23270285 
    16040445 
    16708724 
    2081943 
    27891629 
    23338259 
    20944873 
    15195731 
    23657417 
    19776504 
    1337901 
    1809799 
    19918596 
    25427330 
    19339534 
    16387355 
    14741633 
    16530820 
    8957830 
    9520778 
    5252644 
    17458098 
    20945747 
    20415916 
    12630343 
    23320187 
    26628854 
    22624756 
    20826365 
    21180006 
    28494953 
    8700773 
    1299259 
    26531075 
    7560584 
    2076235 
    27666137 
    16292446 
    10773631 
    8165451 
    1814714 
    12797569 
    24748302 
    23059566 
    21627710 
    17555183 
    11504442 
    11868836 
    19539358 
    23878826 
    12877431 
    7568723 
    18307921 
    2134971 
    8330937 
    23857643 
    27767116 
    2084206 
    10477975 
    9554833 
    22025837 
    9791255 
    23851134 
    9590917 
    28343596 
    5334350 
    25197990 
    19040817 
    1814457 
    23393292 
    9080743 
    17672263 
    10941918 
    2604961 
    27957559 
    26538910 
    21180003 
    23349578 
    27135006 
    2441019 
    23899958 
    22408783 
    2921748 
    15301219 
    21219360 
    23506150 
    21909614 
    4510146 
