Topic: CD011571 

Title: Antistreptococcal interventions for guttate and chronic plaque psoriasis 

Query: 
psoria$.ti,ab. or exp PSORIASIS/
 Streptococcal Infections/
 exp Streptococcus/
 exp Streptococcal Vaccines/
 streptococc$.ti,ab.
 tonsillectomy.ti,ab.
 Tonsillectomy/
 exp Anti-Bacterial Agents/
 antibiotic$.ti,ab.
 or/2-9
 randomized controlled trial.pt.
 controlled clinical trial.pt.
 randomized.ab.
 placebo.ab.
 clinical trials as topic.sh.
 randomly.ab.
 trial.ti.
 11 or 12 or 13 or 14 or 15 or 16 or 17
 exp animals/ not humans.sh.
 18 not 19
 1 and 10 and 20
limit 21 to ED=19460101-20190123 

Pids: 
    10743574 
    29132853 
    12399882 
    27128404 
    16871248 
    27608793 
    28809995 
    10796842 
    27476973 
    11705350 
    20384673 
    332090 
    22782640 
    26443004 
    4580210 
    21834061 
    27486641 
    18419879 
    15229957 
    4282136 
    393732 
    772654 
    8169035 
    4263488 
    23978809 
    27768242 
    11899140 
    12746657 
    8907069 
    19900732 
    4018330 
    18496564 
    8629837 
    346042 
    10390602 
    22816505 
    22063790 
    26560335 
    18937661 
    12476481 
    23030767 
    4844128 
    27422893 
    3036023 
    19546522 
    20645530 
    29171774 
    24365501 
    799995 
    2383162 
    23569359 
    26923915 
    26243735 
    26220911 
    3092343 
    27021239 
    26783350 
    23588944 
    11531834 
    27819714 
    26267722 
    30365588 
    4555647 
    10775867 
    23730730 
    4135663 
    26954311 
    14719205 
    16836499 
    29332708 
    28416342 
    26918950 
    29462231 
    28213862 
    26792812 
    4583782 
    8554937 
    19333944 
    1564153 
    25593233 
    11837570 
    29116597 
    352631 
    29055155 
    155507 
    15803935 
    22806399 
    16467019 
    26089047 
    30124722 
    29343507 
    788767 
    29429508 
    28300857 
    28391657 
    15986076 
    10989574 
    23629496 
    26549249 
    12704533 
    20137493 
    14510985 
    20199969 
    15468362 
    29080806 
    12010072 
    22088412 
    22421457 
    28925560 
    4948644 
    20299307 
    1252350 
    15943494 
    24283892 
    27538241 
    25973439 
    17051484 
    15840110 
    2985516 
    16732722 
    15838232 
    20699017 
    27272887 
    26476228 
    26743448 
    29285605 
    26692125 
    23663752 
    23750651 
    23254974 
    6090019 
    19480679 
    22748702 
    22465364 
    22491250 
    26357944 
    25268599 
    1035402 
    3086388 
    29220542 
    24595547 
    22803615 
    25438457 
    26837052 
    19150270 
    11057390 
