Topic: CD010778 

Title: Intralesional treatment versus wide resection for central low‐grade chondrosarcoma of the long bones 

Query: 
exp Chondrosarcoma/
chondrosarcoma*.mp.
exp Chondroma/
(enchondroma* or chondroma*).mp.
1 or 2 or 3 or 4
(intra-lesion* or intralesion*).mp.
exp Curettage/
curettage.mp.
(phenol* or ethanol or bone cement).mp.
Cryotherapy/
cryotherapy.mp.
6 or 7 or 8 or 9 or 10 or 11
surgery.fs.
Amputation/
(resect* or surgery or amputat*).mp.
13 or 14 or 15
5 and 12 and 16
limit 17 to ED=19460101-20180430 

Pids: 
    9149995 
    12365043 
    16081020 
    25408730 
    23451467 
    23061956 
    27454024 
    21611858 
    5781595 
    17452919 
    16570273 
    9310048 
    25687868 
    24625223 
    14574602 
    19068605 
    17483633 
    418015 
    10199270 
    24778891 
    19863432 
    16961181 
    16239809 
    14599838 
    15523011 
    11154009 
    7892005 
    24901933 
    24239184 
    25382793 
    15270588 
    12678359 
    3804046 
    16273466 
    12073124 
    9556278 
    4333443 
    25030958 
    22649023 
    24962294 
    20153235 
    17522879 
    11927996 
    24605192 
    25086127 
    23925757 
    19388607 
    2815934 
    23925739 
    22009830 
    15346079 
    21222209 
    7638395 
    24369364 
    12671504 
    22326544 
    12355406 
    22760388 
    18378543 
    8990655 
    8042495 
    10547545 
    20300902 
    455830 
    26197152 
    26058932 
    12491047 
    2926204 
    28690733 
    23390149 
    21669154 
    18764743 
    12563919 
    9676203 
    10894372 
    25706150 
    14615847 
    19829275 
    25568425 
    17909933 
    26186330 
    16799714 
    25665107 
    16617764 
    9867912 
    6946996 
    19570648 
    11127656 
    6395976 
    18521246 
    12218796 
    1093097 
    7604716 
    9408376 
    20151260 
    20054673 
    15918032 
    9507270 
    11043962 
    7760439 
    27942915 
    5642822 
    26831477 
    24867740 
    21258968 
    26024560 
    25172018 
    17027420 
    11331162 
    10957883 
    10751291 
    9149996 
    25573215 
    2057790 
    28501961 
    25609298 
    2194723 
    19247248 
    15724115 
    4313226 
    25937415 
    22351535 
    5578216 
    26883651 
    1148963 
    8775711 
    25106766 
    8608505 
    23571019 
    28647781 
    16216049 
    28853588 
    20803012 
    11812046 
    2268135 
    25912950 
    16056051 
    18180573 
    23378363 
    16826117 
    22512102 
    23462877 
    22588078 
    16498237 
    3452611 
    6950821 
    3164179 
    2630928 
    23926738 
    1253484 
    23798762 
    10578429 
    15723246 
    16558615 
    23594760 
    8212358 
    22385450 
    14566721 
    25829710 
    21459060 
    12767097 
    25289140 
    9051895 
    22095422 
    26888678 
    11153986 
    2793160 
    16914780 
    1501924 
    23054518 
    3310142 
    24150433 
    18668642 
    5121800 
    6337162 
    2815940 
    1702946 
    25416085 
    25413456 
    20421855 
    15785935 
    3884206 
    11268460 
    22187844 
    15275690 
    12769010 
    17560488 
    7924033 
    11953605 
    20574801 
    10694027 
    19943817 
    19431126 
    26961558 
    22037533 
    16331025 
    10229149 
    9591027 
    15629273 
    15558292 
    7951950 
    1442150 
    398208 
    22997189 
    8685092 
    9097855 
    11501820 
    22217402 
    18855011 
    10427806 
    28666625 
    22143043 
    19258076 
    25041727 
    25368246 
    24455717 
    28422880 
    24078543 
    11029557 
    3711617 
    22951123 
    19727994 
    26462346 
    9683770 
    1922638 
    297652 
    16320410 
    18310848 
    27909131 
    25070233 
    20734283 
    16443112 
    5055153 
    18521296 
    2619214 
    23200218 
    26628708 
    9199388 
    1632222 
    9556279 
    27512226 
    17254530 
    12418411 
    16344196 
    10961557 
    24891585 
    15468904 
    3526817 
    1884534 
    4036608 
    2230500 
    10637885 
    22066552 
    20568536 
    19829277 
    20473598 
    27867127 
    17632422 
    9457335 
    10991817 
    4941379 
    3191623 
    29437070 
    16648685 
    14642525 
    8895649 
    6619626 
    6757178 
    9854472 
    18580374 
    21241899 
    15014954 
    23040642 
    28872530 
    16547720 
    21486503 
    15935532 
    15733453 
    26803570 
    12851842 
    11283833 
    3960774 
    3093171 
    1937184 
    837601 
    7783606 
    17923063 
    25371471 
    27627693 
    17901351 
    18844052 
    17882867 
    17499034 
    19690026 
    12493931 
    11895356 
    26550277 
    24693775 
    23791243 
    18259831 
    28239886 
    16788412 
    16610520 
    12239678 
    25143849 
    18575450 
    9158683 
    9355003 
    8542697 
    2292646 
    11953632 
    19234882 
    2386466 
    18711779 
    21868234 
    11386177 
    9711160 
    2584643 
    14159807 
    17972061 
    7332302 
    22398793 
    27492208 
    1995672 
    19059810 
    19293483 
    18978278 
    19752710 
    19142690 
    16981100 
    12415520 
    3709821 
    7449231 
    23896559 
    27889461 
    12367544 
    15241167 
    15880247 
    25810024 
