Topic: CD012223 

Title: Cyclodestructive procedures for refractory glaucoma 

Query: 
Randomized Controlled Trial.pt.
 Controlled Clinical Trial.pt.
 (randomized or randomised).ab,ti.
 placebo.ab,ti.
 drug therapy.fs.
 randomly.ab,ti.
 trial.ab,ti.
 groups.ab,ti.
 1 or 2 or 3 or 4 or 5 or 6 or 7 or 8
 exp animals/ not humans.sh.
 9 not 10
 exp glaucoma/
 glaucom*.tw.
 exp intraocular pressure/
 ((intra?ocular or ocular) adj3 (hypertension* or tension* or pressur*)).tw.
 Ocular Hypertension/
 IOP.tw.
 or/12-17
 exp lasers/
 laser*.tw.
 laser coagulation/
 exp Light Coagulation/
 limit 22 to yr="1966 - 1992"
 (photocoagulat* or cyclocoagulat*).tw.
 (coagulat* or argon* or diode*).tw.
 ((ND* adj1 YAG) or (Neodymium* adj1 YAG) or ND*YAG or Neodymium*YAG or YAG*ND or YAG*Neodymium).tw.
 (cyclophotocoagulat* or cyclodestruct* or cycloablat* or endocyclophotocoagulat* or cryotherap*).tw.
 (ciliary adj3 (destruct* or ablat*)).tw.
 exp diathermy/
 exp electrolysis/
 (diatherm* or ultrasonic* or electrolys* or beta irradiat*).tw.
 or/19-21,23-31
 18 and 32
 11 and 33
limit 34 to ED=19460101-20180921 

Pids: 
    21169268 
    22581206 
    17418020 
    25228796 
    18779710 
    27899387 
    25751829 
    13679269 
    2275354 
    9603290 
    17951903 
    3704353 
    18703946 
    28615113 
    17318096 
    25674761 
    2035342 
    18672290 
    16400475 
    3657015 
    12910196 
    21150027 
    17455711 
    2228481 
    27275657 
    15883493 
    24131046 
    8090457 
    1348396 
    12827058 
    29236784 
    11835838 
    18309334 
    17324220 
    3658314 
    15317702 
    24862302 
    16361658 
    25447111 
    18211927 
    3601339 
    24667038 
    23685912 
    28922697 
    21828157 
    8008345 
    21987674 
    3179828 
    26294102 
    9614518 
    21498617 
    18301289 
    22424576 
    11383763 
    21320958 
    18020533 
    11318294 
    23439596 
    22749300 
    29582811 
    4093536 
    25651204 
    19545903 
    24195045 
    15531304 
    15691560 
    28288603 
    27796669 
    8246622 
    22310491 
    16581424 
    19892433 
    11821221 
    28807635 
    24741931 
    27606482 
    26728265 
    21872933 
    17065498 
    22405257 
    21913342 
    19909291 
    9828767 
    17251482 
    28940022 
    1587990 
    8764786 
    12545290 
    22331110 
    26472406 
    16024084 
    10365036 
    29043438 
    24182743 
    10416748 
    23960881 
    11988816 
    23465860 
    9088410 
    1882922 
    7661755 
    15745408 
    9338667 
    1841669 
    2314847 
    9352246 
    19125745 
    18164069 
    12784578 
    8568707 
    9602622 
    21658300 
    24872835 
    19570768 
    6176826 
    15513438 
    8404359 
    20177955 
    17628686 
    9022117 
    15965166 
    10420359 
    21166035 
    28858962 
    19157558 
    12917163 
    8543206 
    23737661 
    23370602 
    18035966 
    17462739 
    11196124 
    1937073 
    21516873 
    23044952 
    20494767 
    11840351 
    1614111 
    11436940 
    9715679 
    16128344 
    29116399 
    20057344 
    16865007 
    11127567 
    28556512 
    18594350 
    21697134 
    27158611 
    22321497 
    22695833 
    9052620 
    19680052 
    20427088 
    25604688 
    11687542 
    24819322 
    12598435 
    21861972 
    12750084 
    21217136 
    12822330 
    2979050 
    9034838 
    25956562 
    19969364 
    27529032 
    18254088 
    25828816 
    26616298 
    23497845 
    16249508 
    28636188 
    11022660 
    10448742 
    25433757 
    10631832 
    22568103 
    19337477 
    11879133 
    24103057 
    23461369 
    10887925 
    9713056 
    17364748 
    12523885 
    24629312 
    28764565 
    30068436 
    14641156 
    21459215 
    17674921 
    8253244 
    22068862 
    15029500 
    27174381 
    27526051 
    25304282 
    25284015 
    20236252 
    9486026 
    4856873 
    26526633 
    24612638 
    24503407 
    2275355 
    18202708 
    19225351 
    14745674 
    27183553 
    1115200 
    26944556 
    17224747 
    21858678 
    22428185 
    25032962 
    23835674 
    20117707 
    21311650 
    18303229 
    14578409 
    9676903 
    8540545 
    11394475 
    3998404 
    21633246 
    1810874 
    24844539 
    3855338 
    19590523 
    12511367 
    22773969 
    21478808 
    9625542 
    23214489 
    12897582 
    22553606 
    22072378 
    28367039 
    24240885 
    27792450 
    16148586 
    10433851 
    16303970 
    11472002 
    10959182 
    27778483 
    20812500 
    20051889 
    15031172 
    17061221 
    23905104 
    17936715 
    28093287 
    11438054 
    10743923 
    26909354 
    21712182 
    16157798 
    17897552 
    20046686 
    16052797 
    22696850 
    24408788 
    12556406 
    11456014 
    19789595 
    18414105 
    17873713 
    1841898 
    3661641 
    15945003 
    19597104 
    16303099 
    16647135 
    20472748 
    2255512 
    11442189 
    8795765 
    12446385 
    8470979 
    16965506 
    17039922 
    3222045 
    11713091 
    11733254 
    1841899 
    12383805 
    6660261 
    27915382 
    2381705 
    2092166 
    20576777 
    24092458 
    15022433 
    29693993 
    18254347 
    9818610 
    16080909 
    9253964 
    18563298 
    3855339 
    12140392 
    21278590 
    12483317 
    10365039 
    1775321 
    24811050 
    18700451 
    22735057 
    10434872 
    15751244 
    9593393 
    18295183 
    20179624 
    23494444 
    11489571 
    26501219 
    25950662 
    18463518 
    21847337 
    21048513 
    11033498 
    9296296 
    16019072 
    17076630 
    8963854 
    26630319 
    18347627 
    16123420 
    27287344 
    24771163 
    11020405 
    17544778 
    23092092 
    10230606 
    9822239 
    10932895 
    26951530 
    7611312 
    24660827 
    25636153 
    27270337 
    27894517 
    28192588 
    19920476 
    11760033 
    20179632 
    24555129 
    22268459 
    23203700 
    19520456 
    12439673 
    18571958 
    24232829 
    9786561 
    20577100 
    8644530 
    28639290 
    19781685 
    6391073 
    10328403 
    341965 
    8155044 
    27262766 
    17891199 
    14688431 
    2647064 
    20686916 
    28081918 
    12535870 
    11877181 
    15084854 
    23401930 
    17900231 
    3404551 
    16292656 
    17258538 
    17700289 
    9527343 
    11558814 
    9112171 
    2895782 
    29897635 
    21889801 
    8148335 
    16496246 
    29310395 
    15785912 
    7626573 
    28397431 
    25974240 
    26136215 
    25444157 
    15074890 
    26086014 
    22333862 
    18662829 
    11384572 
    16392816 
    12698044 
    3341973 
    15923506 
    23601764 
    28591029 
    21468347 
    19298900 
    15513437 
    18420749 
    1009064 
    21150676 
    7530099 
    19160332 
    17609852 
    9202963 
    16583637 
    5486887 
    19500850 
    2779962 
    26945310 
    25661239 
    24193602 
    10782625 
    25792657 
    26979117 
    11486461 
    25612165 
    17199475 
    24773760 
    18173426 
    26949623 
    17464299 
    15567900 
    11020112 
    25276081 
    10906093 
    6181452 
    19920532 
    24881611 
    10682963 
    9855156 
    26742872 
    2695558 
    29193925 
    2285680 
    27782950 
    26039384 
    26730963 
    9713786 
    27565227 
    16205560 
    11115258 
    15257462 
    7728103 
    24835757 
    14745677 
    20802318 
    23203292 
    8360420 
    19764919 
    3378022 
    9099271 
    16848200 
    9627645 
    5820309 
    21298630 
    17389496 
    6387569 
    25811206 
    17717781 
    3234187 
    28129292 
    22790513 
    18378313 
    12899478 
    24510511 
    11821686 
    19133706 
    19745666 
    20939799 
    16304593 
    3899165 
    23807371 
    19528821 
    9559496 
    21150026 
    23863599 
    12059867 
    23876870 
    17891058 
    8795760 
    18815428 
    18054889 
    14746588 
    3367544 
    14531311 
    24060300 
    10168356 
    11589870 
    17662426 
    18844012 
    17383995 
    14660459 
    10857822 
    16462872 
    16044326 
    19117937 
    3751511 
    11821207 
    16481378 
    9859999 
    17508039 
    21042429 
    12738551 
    24767216 
    17151486 
    21459214 
    6387568 
    9786560 
    28980563 
    9826042 
    9643024 
    10147568 
    27548888 
    27041982 
    18614167 
    15733990 
    1565869 
    21320957 
    8404358 
    10328404 
    27927679 
    9465842 
    15359268 
    12035597 
    19124845 
    9559475 
    9743932 
    26483974 
    10519604 
    16132994 
    24257892 
    27317787 
    2686343 
    17473729 
    27688277 
    19745667 
    8970866 
    15185791 
    16217662 
    18692244 
    9541433 
    16910865 
    2381706 
    2635197 
    23787336 
    2483134 
    3855337 
    19901209 
    12953157 
    17266605 
    18929112 
    25571769 
    19277230 
    8897230 
    8874423 
    19878115 
    15465546 
    11530068 
    8266200 
    10445774 
    26871761 
    20837789 
    19185259 
    10442912 
    3467505 
    11031863 
    820317 
    11986108 
    11039737 
    1484675 
    25088629 
    12457682 
    10365037 
    2763815 
    19850843 
    28857945 
    21631365 
    17224183 
    16246772 
    18976314 
    19295373 
    14578411 
    11453537 
    22973739 
    24724016 
    26362541 
    9709774 
    26997828 
    23326185 
    10463411 
    28858156 
    19920685 
    9786562 
    26024673 
    21376717 
    26625212 
    25744981 
    19855292 
    21138413 
    21336152 
    16021497 
    12084743 
    17585375 
    14736787 
    11021554 
    16714265 
    21966202 
    19485290 
    22321495 
    16682585 
    20381786 
    9082287 
    25393040 
    19410229 
    8594519 
    26862092 
    26938329 
    12660585 
    29894320 
    23893090 
    12035599 
    20577108 
    18696347 
    4008311 
    24579552 
    28564702 
    19128378 
    17473738 
    19860778 
    22199246 
    17768565 
    9227201 
    17293790 
    11265104 
    12383808 
    11158797 
    25611397 
    20164791 
    19370589 
    26372149 
    27956327 
    2508130 
    3211471 
    8846840 
    23866700 
    15491035 
    28982295 
    21386913 
    16170121 
    22139613 
    15723039 
    12745005 
    12586174 
    27215008 
    24480838 
    10321534 
    19955197 
    18780654 
    11581203 
    8751104 
    8046858 
    11142745 
    20570363 
    25854109 
    7611326 
    27239581 
    28178150 
    23900089 
    16936099 
    18811109 
    20300127 
    2188192 
    22713432 
    19514814 
    18001247 
    7553116 
    11244340 
    1740374 
    15751232 
    15564757 
    19181304 
    17324695 
    10711877 
    25324282 
    3555429 
    23607243 
    19559485 
    2014108 
    8156858 
    12208703 
    25270375 
    15206648 
    1866131 
    10916381 
    22167543 
    19684007 
    8295363 
    22959103 
    29022296 
    27183546 
    24272277 
    27450829 
    20577097 
    8231041 
    11877153 
    9793771 
    24018154 
    10485548 
    9869341 
    1427140 
    3309770 
    21863256 
    26798507 
    1799815 
    21117578 
    8260154 
    16710426 
    18726610 
    22737349 
    20051882 
    23721251 
    21138147 
    21955651 
    22900148 
    16639669 
    8101046 
    26426659 
    9373128 
    22958109 
    18797656 
    2562547 
    462369 
    25269908 
    16764323 
    27215012 
    18852413 
    9596249 
    17943806 
    26549913 
    23632410 
    10571352 
    20816247 
    10641099 
    21372484 
    9930158 
    6727253 
    16238038 
    20653689 
    3371811 
    10964832 
    21179220 
    3998406 
    8638169 
    24109245 
    11566545 
    17095884 
    25594765 
    24551647 
    20339451 
    16751037 
    15007607 
    21611879 
    8406061 
    25510920 
    2641071 
    28427068 
    16401800 
    16645628 
    26598575 
    23298885 
    21293162 
    15534466 
    14693782 
    27442319 
    2669435 
    24519164 
    26906703 
    24389806 
    7956270 
    15499518 
    8933756 
    3586546 
    4074550 
    16226521 
    21459216 
    22809091 
    12751655 
    27756264 
    12545686 
    24222905 
    1954206 
    8862049 
    28283896 
    11097612 
    9730740 
    9109757 
    14769594 
    2979049 
    15097266 
    8795740 
    27580950 
    17013699 
    29342153 
    11231772 
    21780922 
    9479287 
    19668724 
    16123421 
    6195390 
    18954311 
    22559281 
    20964459 
    16877071 
    17401621 
    19995146 
    575991 
    9683148 
    2248333 
    25245600 
    8529164 
    12711255 
    7812090 
    17889775 
    15710814 
    28035845 
    15497551 
    28962966 
    7484502 
    15354070 
    15790893 
    20456253 
    16978576 
    19199899 
    26185762 
    26080577 
    17141313 
    12635671 
    26325273 
    19040075 
    14693783 
    21279978 
    12654218 
    19327446 
    11425681 
    27423457 
    12192453 
    25284983 
    8963853 
    16110697 
    14704542 
    15993244 
    22511025 
    16167286 
    15051195 
    24310236 
    21035866 
    16021197 
    11475849 
    10612505 
    26780098 
    11704022 
    9488279 
    21801339 
    16764322 
    10577527 
    11231767 
    27243355 
    23297752 
    22296832 
    17727241 
    7812088 
    10844050 
    21302732 
    20577756 
    18552615 
    5981667 
    1766638 
    11581052 
    7200326 
    26691269 
    7496979 
    20608613 
    21586097 
    25055211 
    9076204 
    11673292 
    11754906 
    22118999 
    18366650 
    22160508 
    23597409 
    15905940 
    9754184 
    2685709 
    27175839 
    25052803 
    12792134 
    20584017 
    23086357 
    11382623 
    9717655 
    29040280 
    11423450 
    3220672 
    12882785 
    16101948 
    10100253 
    11998884 
    12231314 
    20973900 
    11448321 
    12780404 
    2618634 
    9091708 
    23349434 
    19149114 
    9745826 
    8946295 
    17386280 
    7651688 
    26258547 
    9498117 
    23217524 
    21905603 
    23670524 
    21426533 
    12212061 
    18242461 
    9352274 
    19479194 
    8833121 
    11433596 
    9017044 
    298424 
    18435336 
    1414289 
    10966966 
    17662927 
    10442891 
    19107070 
    18778333 
    22584019 
    15021220 
    8719690 
    9185038 
    9352164 
    29669176 
    14762409 
    23218697 
    16516784 
    11944863 
    17822985 
    16167285 
    14641256 
    23269683 
    2250935 
    17537785 
    27661988 
    22828005 
    11906304 
    26228222 
    16170119 
    16896917 
    11853711 
    18719081 
    1945288 
    2049825 
    15223814 
    26949356 
    27103811 
    16002558 
    25088622 
    9373479 
    12219998 
    1682861 
    25950661 
    21117580 
    15234143 
    10396381 
    27665 
    24367649 
    1505759 
    3536206 
    21792281 
    24475117 
    9352478 
    25289141 
    2891867 
    3183937 
    19277225 
    29582808 
    9462979 
    20082200 
    16186352 
    16378019 
    17941809 
    11744581 
    11530042 
    16936646 
    18487379 
    23457327 
    11581049 
    28727804 
    9379380 
    28335943 
    22788585 
    27391936 
    21858468 
    12822327 
    24837576 
    11755838 
    20457380 
    18061269 
    24117452 
    12917182 
    15019372 
    14709290 
    25820518 
    24467200 
    26825853 
    9474317 
    23928945 
    13129862 
    9331190 
    17589809 
    2597067 
    27576739 
    11973385 
    7913644 
    3309771 
    24059027 
    22447546 
    26691017 
    1508493 
    27159148 
    21610561 
    19794952 
    27183545 
    8795374 
    24771166 
    16785760 
    22752628 
    22727177 
    21127505 
    28556420 
    18797145 
    16386090 
    22718058 
    9290370 
    9097768 
    26253540 
    27187880 
    930107 
    16872335 
    21092926 
    21067893 
    18081899 
    17102005 
    7936562 
    16931264 
    10427919 
    2000903 
    18254351 
    20457974 
    14985298 
    25459683 
    23059485 
    25487259 
    1478302 
    21997827 
    12566865 
    9407364 
    16950253 
    16246781 
    17452178 
    1550200 
    22921386 
    1454351 
    17187129 
    8523280 
    18329627 
    25304277 
    26108107 
    26448167 
    25429421 
    26949354 
    26703278 
    23985980 
    17522780 
    10440253 
    23052714 
    1614100 
    9380350 
    16996609 
    9379635 
    20852440 
    12383806 
    8718935 
    23743872 
    19925527 
    29655275 
    9052621 
    16208239 
    19199898 
    22041483 
    17273682 
    8543208 
    16965492 
    3467504 
    8362631 
    10548115 
    19184301 
    1479791 
    11835839 
    12556405 
    1852387 
    7070779 
    10376255 
    17396687 
    1711957 
    22429725 
    15721714 
    12045046 
    28898284 
    9549260 
    20806741 
    9148259 
    12160822 
    18227766 
    11382625 
    21893265 
    18709954 
    2447541 
    3434237 
    23275189 
    21397811 
    17453151 
    25621944 
    9088734 
    22512373 
    22675660 
    6755862 
    26691427 
    8233315 
    15093636 
    14509461 
    25560419 
    1582788 
    10235547 
    23879240 
    11973254 
    25220007 
    23701974 
    24475914 
    10084270 
    28033286 
    18440643 
    3345057 
    9623257 
    26489115 
    20436372 
    20838361 
    28742840 
    22030352 
    11280877 
    9822227 
    23796622 
    22789494 
    15696765 
    26025033 
    16547334 
    11202461 
    7886867 
    23946643 
    26554611 
    11545418 
    1352331 
    4022578 
    20094068 
    8124019 
    16075327 
    15132375 
    26962696 
    3594304 
    24270636 
    27787452 
    25886603 
    21568077 
    20385943 
    6829673 
    16607783 
    9715485 
    18552613 
    27600891 
    19295382 
    10337584 
    20688017 
    8100625 
    27570215 
    26787385 
    3062528 
    15184960 
    25799780 
    11952483 
    24170521 
    9327346 
    16643754 
    22087857 
    8152727 
    17460267 
    15321022 
    3446535 
    29107823 
    26067779 
    7228798 
    18046225 
    17443424 
    12208719 
    15223806 
    28126187 
    9497467 
    16024855 
    15824219 
    9924325 
    28654983 
    6676970 
    17197535 
    19225352 
    11406946 
    15638102 
    26707418 
    21921945 
    20631236 
    25502623 
    11316102 
    21515562 
    28772005 
    16614577 
    27150380 
    15721693 
    26550981 
    19229266 
    16343124 
    21522023 
    6702966 
    25719991 
    10507567 
    22677890 
    3761958 
    23932217 
    22439667 
    19450100 
    14597527 
    18081900 
    9590592 
    20019369 
    10221807 
    9685782 
    17552383 
    12939313 
    11544903 
    11237920 
    28302178 
    18672602 
    12671467 
    1477629 
    8105773 
    11864391 
    23384049 
    15824800 
    7907241 
    26158928 
    9373127 
    10221187 
    16205937 
    26501989 
    19850348 
    10334023 
    15255231 
    27636593 
    16681063 
    23900091 
    26107481 
    7553112 
    29261773 
    18222186 
    9795848 
    8792361 
    14644211 
    16604382 
    17106370 
    15804741 
    16333172 
    9407365 
    12153812 
    22775229 
    19106150 
    9445910 
    18508420 
    1987105 
    29050926 
    3508419 
    28389773 
    16954705 
    23114407 
    27013068 
    11133713 
    24334967 
    5771051 
    15767051 
    17123610 
    21242583 
    16148585 
    12358292 
    16476885 
    11549985 
    25149911 
    23420235 
    6727252 
    28480761 
    17385117 
    20423681 
    11094181 
    12642307 
    16565395 
    25390391 
    15359228 
    2204855 
    1427134 
    10396379 
    21439676 
    15990608 
    15281969 
    17415691 
    25034116 
    27051674 
    19432842 
    23448559 
    6622016 
    25501089 
    21499083 
    19039468 
    8191660 
    23009061 
    24876948 
    8013703 
    19787599 
    9465715 
    12174451 
    19920680 
    15629023 
    11377454 
    8915800 
    26428220 
    16471106 
    10048009 
    28000707 
    16691257 
    16254590 
    28292777 
    20472226 
    12231310 
    25134991 
    23697619 
    28161147 
    27604586 
    11811578 
    10379611 
    21394976 
    3737126 
    29044061 
    16639670 
    18369376 
    8341512 
    26403280 
    18361984 
    21526551 
    18655451 
    10571361 
    28591282 
    17010858 
    3754043 
    19054496 
    15184959 
    26421707 
    8079617 
    7812087 
    9224462 
    23900086 
    1698170 
    11316722 
    21780926 
    3325383 
    18672609 
    15491034 
    25559505 
    25287743 
    10928668 
    15672253 
    18664501 
    16765693 
    1407981 
    19920530 
    10604294 
    18404120 
    12062222 
    22965594 
    21310018 
    19857107 
    22577762 
    3890461 
    8970246 
    12908381 
    11735786 
    7517307 
    23799932 
    17397757 
    27513905 
    2078039 
    16931274 
    28875349 
    3513746 
    25132225 
    21167436 
    15953425 
    2887153 
    26048209 
    16075220 
    19920682 
    20130901 
    24130177 
    28336283 
    19273785 
    16808678 
    6622017 
    9423902 
    14985300 
    23335133 
    7924856 
    20157415 
    24661081 
    19644368 
    24817254 
    16639623 
    19422885 
    7196136 
    24299728 
    21157068 
    16181271 
    29401477 
    17671930 
    9111270 
    17459481 
    15180139 
    508687 
    12483095 
    7553109 
    11980851 
    9855152 
    10761402 
    3652371 
    15519089 
    27387849 
    10755104 
    27457241 
    23225995 
    21813090 
    11372549 
    20126493 
    14707964 
    24505197 
    6724847 
    8515946 
    23595371 
    16931262 
    15177596 
    10163328 
    16052808 
    10396191 
    19590252 
    18284311 
    23304448 
    1743354 
    10340983 
    16546106 
    26918911 
    12474924 
    29077182 
    12778350 
    4046228 
    23530946 
    7493230 
    3605278 
    8858630 
    9196927 
    19957686 
    11566524 
    9780067 
    7744211 
    7950110 
    16749257 
    19882525 
    1483134 
    24338200 
    2090393 
    27579455 
    16021190 
    24327300 
    23552835 
    18464803 
    17287669 
    9893589 
    14670425 
    17157590 
    15642809 
    1916316 
    25228539 
    22336823 
    14522756 
    21708091 
    12046308 
    18782799 
    23429619 
    21784206 
    19606170 
    22567206 
    25421917 
    20008708 
    21577269 
    20193433 
    508181 
    8406060 
    15069428 
    17188041 
    11927418 
    10776828 
    7627753 
    9216007 
    14740385 
    9467441 
    27668698 
    27464887 
    23329119 
    20577099 
    11189338 
    8152760 
    21054817 
    11973093 
    18521767 
    24205253 
    7960510 
    10202285 
    3661640 
    24393349 
    19558574 
    24790877 
    19516018 
    24942216 
    18284312 
    26337664 
    28902334 
    11898363 
    15043532 
    15090419 
    12122755 
    21222552 
    19603623 
    25149834 
    11396396 
    16703541 
    11711839 
    19694758 
    14718290 
    2667508 
    16833165 
    7231918 
    25113610 
    11605581 
    25410172 
    15226657 
    12523884 
    19684423 
    3931670 
    26419547 
    2342799 
    11927421 
    19223790 
    26746597 
    1363731 
    1669483 
    8470978 
    27632713 
    25084747 
    4003494 
    28887116 
    3050686 
    22069348 
    17415704 
    28301639 
    26047040 
    8965469 
    3323983 
    22491929 
    21278594 
    7933896 
    26886121 
    14704939 
    8883553 
    19416118 
    17295141 
    12677490 
    26824754 
    16467667 
    15488786 
    2337541 
    18672219 
    29422751 
    17632313 
    19543242 
    21657822 
    21829105 
    10690818 
    22814057 
    9663225 
    9112166 
    9709773 
    10472966 
    18235015 
    7216648 
    21150039 
    6585072 
    22937759 
    23746130 
    11489570 
    2669939 
    25308112 
    16139003 
    9727511 
    22134588 
    20349080 
    3362500 
    3977215 
    22623858 
    22970451 
    15488815 
    16856103 
    26599668 
    24505969 
    8233385 
    18552614 
    15953462 
    22382593 
    19006727 
    2699612 
    2353322 
    9559499 
    19826393 
    22553137 
    8874444 
    20179630 
    11581047 
    27778447 
    11189002 
    26239889 
    22040557 
    21940141 
    1505338 
    24526345 
    17085066 
    7842998 
    23908579 
    12388030 
    11071027 
    10704543 
    9112167 
    2080703 
    26099060 
    16798476 
    1428575 
    29035183 
    6659904 
    27555714 
    15510721 
    22377796 
    6732565 
    29625458 
    16625616 
    24679450 
    15097263 
    14510794 
    24443134 
    9721479 
    16496252 
    10943670 
    23387808 
    17188360 
    12446370 
    14707957 
    10443129 
    9527336 
    23654003 
    17021920 
    16005977 
    11879139 
    10070522 
    16949158 
    23429630 
    21336155 
    27330381 
    9684489 
    21437758 
    15953576 
    18157320 
    15593281 
    12897576 
    26171239 
    20948459 
    24867312 
    27754737 
    8652925 
    23245360 
    12881333 
    26681145 
    24531024 
    16049531 
    1869061 
    7038360 
    21830944 
    25004992 
    25278797 
    18939999 
    10571351 
    15021217 
    530598 
    3062535 
    15885778 
    22957742 
    19410949 
    12676887 
    22410350 
    20829321 
    11589872 
    20207973 
    16001389 
    20697286 
    19466687 
    26831670 
    9159682 
    24060346 
    20029153 
    9486031 
    1352428 
    28731934 
    23567206 
    17076623 
    20702430 
    29983234 
    2138590 
    10958603 
    17645600 
    16828501 
    18494344 
    25651207 
    26226471 
    2080708 
    12187555 
    28264221 
    16633219 
    11300631 
    25206988 
    17016527 
    18157302 
    10694896 
    16897218 
    25208548 
    7976820 
    3703504 
    3985828 
    12967810 
    15586288 
    16039717 
    3566598 
    21468349 
    15309977 
    2673859 
    3776504 
    1436984 
    3307717 
    15197062 
    18519069 
    11772591 
    15319751 
    23524856 
    11371086 
    15040777 
    26796312 
    4000629 
    15534477 
    21381615 
    21426837 
    26948788 
    3187630 
    26424819 
    16360209 
    20415624 
    20579473 
    24711656 
    14746583 
    11054341 
    16804777 
    10604052 
    16564799 
    21995983 
    18657796 
    24158841 
    21192264 
    6426371 
    24119221 
    21860572 
    21913147 
    10080215 
    28087548 
    10627842 
    27594199 
    26269445 
    25980779 
    18369067 
    15638904 
    10537770 
    9176676 
    17141543 
    17873715 
    16181272 
    1750315 
    21987673 
    26265640 
    8533658 
    3991123 
    23483498 
    27707497 
    24530177 
    16682588 
    17591883 
    11986098 
    24954413 
    7114142 
    23241939 
    28902332 
    20173650 
    22036632 
    26655611 
    7843010 
    1614102 
    17229800 
    22496715 
    1896168 
    19321376 
    10202286 
    21778269 
    20151875 
    19053956 
    19366034 
    23264327 
    16883360 
    15838723 
    12766063 
    1361104 
    15906068 
    24669144 
    1682521 
    18697385 
    27257609 
    10445189 
    16024854 
    17958945 
    29694684 
    23538479 
    20944940 
    2947874 
    3342976 
    26902063 
    18082889 
    18327140 
    10149448 
    16003517 
    9869785 
    26692257 
    12824258 
    20530662 
    23305434 
    9032792 
    16840867 
    9054481 
    12213158 
    18413015 
    10201585 
    22095151 
    19182767 
    8321504 
    27373568 
    19826390 
    18929126 
    14700106 
    17914435 
    26547890 
    11765145 
    7508321 
    18425438 
    11095133 
    20717057 
    26060172 
    8795768 
    16921220 
    2255511 
    15515314 
    273340 
    10436992 
    28231380 
    22572035 
    18033325 
    10428585 
    23377581 
    22785102 
    19174723 
    12536539 
    26390090 
    18461333 
    9663215 
    23439853 
    3310341 
    18344755 
    26210052 
    1945315 
    21476309 
    3171102 
    19820801 
    15118469 
    24204049 
    9372716 
    19304094 
    9457511 
    10079437 
    1739685 
    28986594 
    16919396 
    23900094 
    17157800 
    16386089 
    12486514 
    11151147 
    22458651 
    24596452 
    26286384 
    10219027 
    27173373 
    18669079 
    7508322 
    17873718 
    22935601 
    25982601 
    15019365 
    17435693 
    8499355 
    19266465 
    3807241 
    14725496 
    23633652 
    22207920 
    25110668 
    28625685 
    12872795 
    18600493 
    22649172 
    19957691 
    20227677 
    894966 
    23807347 
    21278588 
    23326186 
    8489444 
    15615740 
    9843254 
    19295370 
    10366064 
    25075183 
    16215542 
    29185403 
    11127574 
    11024415 
    5697225 
    21440942 
    20577111 
    24195039 
    25540741 
    12900242 
    23508574 
    15021223 
    11078848 
    8442508 
    8705743 
    18264628 
    21772770 
    26165326 
    15905938 
    19882584 
    1295525 
    6737401 
    18046281 
    22690869 
    18592440 
    11801507 
    29570721 
    28108568 
    15350330 
    29475934 
    20577272 
    28461016 
    7901828 
    19752420 
    1657527 
    11794387 
    11730647 
    15877101 
    2235003 
    21734593 
    1549285 
    21906813 
    27366825 
    6369214 
    24581775 
    22537617 
    8895202 
    9256623 
    18646165 
    21605352 
    27365842 
    22553727 
    12036643 
    16358647 
    20665941 
    25312464 
    26682153 
    16768187 
    7906539 
    7940142 
    11952485 
    25188224 
    24716836 
    21771603 
    20847657 
    21654513 
    16286802 
    9176895 
    25748642 
    3582103 
    22489894 
    16785759 
    10362745 
    9932993 
    1393111 
    7493231 
    23017184 
    9112177 
    11980869 
    11078839 
    17724209 
    22920012 
    9855154 
    26559142 
    16733692 
    19218250 
    20633931 
    16595011 
    11992857 
    6704005 
    9475029 
    7786212 
    6369215 
    24648419 
    21232801 
    22932325 
    12913325 
    14704546 
    8457502 
    12747648 
    27286894 
    22706336 
    1750311 
    10659625 
    9124097 
    19074917 
    18165082 
    15334011 
    22974818 
    12498508 
    7867825 
    26099427 
    18854736 
    10655193 
    16123431 
    21946556 
    21668789 
    9527322 
    27038894 
    22549238 
    2358267 
    15606474 
    21140363 
    12898279 
    26091474 
    21114633 
    14962409 
    2817060 
    9486029 
    22076987 
    12608300 
    9331211 
    12792136 
    22885123 
    12390133 
    20306070 
    16899528 
    19141146 
    8604535 
    12140396 
    27233465 
    8336889 
    21893972 
    10457699 
    21448548 
    21843876 
    9264305 
    24809741 
    11235529 
    9409960 
    25234015 
    1842364 
    16113368 
    18811641 
    23601909 
    15039625 
    23407323 
    20361662 
    27096610 
    19593201 
    16865003 
    9630294 
    18504932 
    21389739 
    17965873 
    7596534 
    19142132 
    22922843 
    10744204 
    21543992 
    16234442 
    11220271 
    2648232 
    16378011 
    11853644 
    19365195 
    10911429 
    20202684 
    17605926 
    23960934 
    26402863 
    1992740 
    16505046 
    28987446 
    20232654 
    19092464 
    21888077 
    22025580 
    6497745 
    28142162 
    4050931 
    19891669 
    14704540 
    28167054 
    22433746 
    25901834 
    16601747 
    11944846 
    18551135 
    8656711 
    26690903 
    19091409 
    24989855 
    26202442 
    22669005 
    2392909 
    19092459 
    28302155 
    10877377 
    27449488 
    22205831 
    23627580 
    15751246 
    4056314 
    16910866 
    29911358 
    9283149 
    9237131 
    19847602 
    21724045 
    25902088 
    28427069 
    19396790 
    7804105 
    19882572 
    8895122 
    16200448 
    4074551 
    12859260 
    26563660 
    3583187 
    9387175 
    9186434 
    4080323 
    26213460 
    27951592 
    23103498 
    15691555 
    9602621 
    23596508 
    15658006 
    15234305 
    26558208 
    1882927 
    24212188 
    3364174 
    11228294 
    24212204 
    20163363 
    11078837 
    16848199 
    24794283 
    26154736 
    19551680 
    16877419 
    11402825 
    21474186 
    2039042 
    21599872 
    16416130 
    18354841 
    18791852 
    25708282 
    26352561 
    22133797 
    19668712 
    27478858 
    10764853 
    22364684 
    19815291 
    22495327 
    28450043 
    21855759 
    15181965 
    17011849 
    8944108 
    6676979 
    12093663 
    22696336 
    23835670 
    18164064 
    9850900 
    19108019 
    17724210 
    10651386 
    6371649 
    17900691 
    10537759 
    8428674 
    24648715 
    9375562 
    18463512 
    10790578 
    19661818 
    25908001 
    17173736 
    3503916 
    12757094 
    23818755 
    12860797 
    9866100 
    15090420 
    25301880 
    20566166 
    10476504 
    28551163 
    17301618 
    15103219 
    15756574 
    6824467 
    24659860 
    10928769 
    24728533 
    10366082 
    18812129 
    11037905 
    22837623 
    11027002 
    26883868 
    14598485 
    22943803 
    17061216 
    10544971 
    11438067 
    10793541 
    17061231 
    1634350 
    10379609 
    19183412 
    16113372 
    19834965 
    28277285 
    17398320 
    11481263 
    10571362 
    8794707 
    10749157 
    1092174 
    18682810 
    16281735 
    21572334 
    558461 
    22132316 
    19921963 
    3247172 
    9111269 
    20577109 
    10030553 
    17594622 
    22967867 
    7177565 
    24553024 
    10906090 
    11955909 
    22249233 
    18266403 
    11732218 
    20382428 
    8764801 
    1565456 
    4920781 
    8587295 
    24557328 
    15663346 
    16633226 
    9195749 
    7725227 
    1428545 
    3828273 
    28532448 
    27552500 
    19092463 
    27984545 
    9951469 
    15218758 
    26288404 
    10464738 
    19820789 
    10208261 
    20868259 
    18521768 
    548778 
    15223805 
    15259292 
    11008892 
    19794944 
    1955054 
    11825813 
    24157322 
    22571653 
    28850575 
    14507758 
    3369999 
    21261223 
    25302580 
    15499516 
    20874499 
    20408072 
    20944936 
    28178701 
    28243023 
    27239582 
    15069430 
    15510499 
    18575879 
    12658557 
    17724492 
    24655001 
    24082666 
    20128578 
    24089293 
    22971510 
    27249666 
    22027931 
    19781475 
    18001246 
    23250480 
    20805134 
    15557461 
    16175374 
    27884546 
    19206044 
    25533558 
    10663781 
    27298733 
    26939560 
    17295138 
    12657832 
    19850848 
    16703543 
    26375335 
    19149110 
    24440104 
    18427730 
    23837834 
    14644212 
    8695557 
    23632955 
    16639668 
    16019074 
    3839390 
    26043585 
    3712263 
    12365904 
    12093659 
    19506591 
    6549515 
    22437486 
    8116740 
    9493119 
    6829674 
    12900253 
    23706947 
    15131681 
    25135811 
    2690926 
    1170672 
    24645909 
    22980741 
    20731623 
