Topic: CD010860 

Title: Mini-Cog for the diagnosis of Alzheimer's disease dementia and other dementias within a community setting 

Query: 
"mini-Cog".ti,ab.
minicog.ti,ab.
(MCE and (cognit* OR dement* OR screen* OR Alzheimer*)).ti,ab.
or/1-3 

Pids: 
    23178745 
    22906395 
    7907040 
    23076515 
    22996060 
    22988784 
    22873491 
    22851064 
    22700858 
    22646750 
    22638676 
    22626912 
    22508578 
    22472702 
    22332672 
    22328005 
    22310499 
    22172089 
    22150245 
    22256468 
    22112432 
    21920479 
    21695696 
    21663560 
    21486736 
    21435921 
    21314650 
    20638142 
    21131671 
    20954975 
    20808118 
    20684520 
    20473827 
    20394408 
    20350331 
    20164591 
    19582756 
    19842783 
    19730176 
    19555140 
    19212721 
    19142914 
    18654937 
    19083293 
    18997295 
    18764676 
    18538508 
    18533066 
    18396072 
    17923438 
    17908348 
    18198975 
    18049065 
    17823461 
    17567931 
    17447100 
    17302678 
    17393836 
    17206187 
    17120261 
    16859628 
    16844966 
    16670243 
    16534774 
    16503593 
    16499914 
    16460402 
    16386666 
    16350786 
    15995092 
    15961323 
    15943212 
    15877567 
    15694996 
    15494776 
    15217776 
    14518050 
    14511167 
    12859363 
    12762066 
    12420650 
    12210243 
    11680896 
    11241728 
    11240446 
    11113982 
    10904947 
    10379185 
    9674026 
    8900595 
    8754631 
    8733925 
    9831484 
    3980292 
