Run MAP recall@50 recall@100 recall@200 recall@300 recall@400 recall@500 recall@1000 recall@2000
AUTh/auth_run1_5000.task1 0.308  0.258 0.387 0.523 0.61 0.664 0.702 0.789 0.806
AUTh/auth_run2_2500.task1 0.308  0.258 0.387 0.523 0.61 0.664 0.702 0.789 0.806
AUTh/auth_run3_1000.task1 0.308  0.258 0.387 0.523 0.61 0.664 0.702 0.789 0.806
ECNU/ECNU_RUN1_BM25.task1 0.072  0.17 0.242 0.339 0.393 0.431 0.472 0.561 0.561
ECNU/ECNU_RUN3_COMBINE.task1 0.001  0.0 0.0 0.0 0.0 0.0 0.0 0.0 0.0
ECNU/ECNU_RUN2_LR.task1 0.041  0.076 0.145 0.216 0.281 0.34 0.378 0.378 0.378
SHEF/sheffield-bm25.task1 0.026  0.045 0.063 0.108 0.149 0.169 0.187 0.261 0.315
SHEF/sheffield-tfidf.task1 0.002  0.005 0.005 0.017 0.029 0.042 0.057 0.086 0.126
SHEF/sheffield-boolean.task1 0.008  0.022 0.049 0.069 0.097 0.111 0.124 0.17 0.221
UWaterloo/UWA.task1 0.124  0.256 0.428 0.592 0.693 0.771 0.806 0.912 0.947
UWaterloo/UWX.task1 0.154  0.254 0.386 0.564 0.673 0.743 0.784 0.884 0.95
UWaterloo/UWG.task1 0.08  0.121 0.273 0.462 0.59 0.675 0.729 0.883 0.959
