Topic: CD007868 

Title: Fluoride toothpastes of different concentrations for preventing dental caries 

Query: 
Dental Caries.mp. or exp Dental Caries/
 Dental Caries Activity Tests/
 Dental Caries Susceptibility/
 carie$.mp.
 DMF$.mp.
 exp Fluorides/
 exp Fluorides, Topical/
 FLUOR$.mp.
 AMF.mp.
 AMINE F.mp.
 SNF2.mp. 
 STANNOUS F.mp.
 NAF.mp.
 SODIUM F.mp.
 SMFP.mp.
 MFP.mp.
 monofluor$.mp.
 exp Cariostatic Agents/
 exp Dentifrices/
 toothpaste$.mp.
 paste$.mp.
 dentrifice$.mp.
 4 or 1 or 3 or 2 or 5
 6 or 11 or 7 or 9 or 17 or 12 or 15 or 14 or 8 or 18 or 19 or 16 or 10 or 13
 22 or 21 or 23 or 20
 25 and 24 and 26
limit 27 to ED=19460101-20180815 

Pids: 
    11764107 
    10926433 
    10086921 
    16379161 
    6957608 
    12166909 
    27037772 
    23665469 
    18672992 
    14681595 
    25113874 
    28301686 
    15637979 
    10641075 
    23252590 
    23147531 
    21465003 
    20444027 
    17014539 
    15241911 
    25726345 
    19186776 
    18186171 
    28032531 
    19702099 
    25576740 
    25491647 
    16734311 
    24171332 
    10862024 
    18795515 
    21778723 
    1065750 
    15180080 
    29161371 
    264779 
    24469238 
    23483461 
    11142666 
    19284760 
    8634898 
    24939277 
    3857149 
    26871291 
    3479075 
    20223273 
    2039924 
    16879333 
    24553281 
    9924506 
    10909495 
    2681732 
    19686543 
    17514449 
    11578234 
    22113711 
    15195724 
    11575024 
    16946612 
    8556745 
    7660318 
    23877811 
    27629283 
    8877091 
    16567555 
    24926421 
    12405585 
    9927915 
    2650531 
    11233721 
    392699 
    1056817 
    20128319 
    16827416 
    21985895 
    8519058 
    2785284 
    19089284 
    9892778 
    29119741 
    30514291 
    23417572 
    15810481 
    19811584 
    12700849 
    23230807 
    8069888 
    27561578 
    28530562 
    25661315 
    25325728 
    9165186 
    30106524 
    26092033 
    28741172 
    7980116 
    25855366 
    17827963 
    2312892 
    18191886 
    30697084 
    11045425 
    15558086 
    30803490 
    23748452 
    20415929 
    12218276 
    1468099 
    3879085 
    10431344 
    12973571 
    234130 
    28390459 
    29352469 
    26662355 
    19385436 
    12535435 
    25765050 
    23767358 
    18622830 
    21321633 
    30797258 
    30211440 
    14583954 
    28361241 
    15575447 
    11699994 
    11048308 
    7634767 
    24673044 
    9508937 
    6365424 
    23041912 
    9879918 
    29882357 
    29258064 
    26748556 
    17432787 
    8781145 
    30761583 
    26877728 
    24100637 
    25913893 
    29752644 
    25102719 
    22051486 
    12666859 
    19723429 
    10477992 
    8930600 
    24425440 
    30820021 
    25622347 
    30562408 
    27846833 
    29492965 
    7774172 
    2688726 
    15489367 
    24287891 
    20866080 
    277572 
    21750917 
    29380407 
    28243757 
    27620897 
    25359642 
    25431802 
    20236232 
    16512107 
    3232107 
    6950639 
    30486374 
    11071939 
    7865418 
    2129916 
    1468100 
    12917928 
    28052884 
    15384727 
    7960166 
    10601780 
    7669208 
    2111576 
    6940871 
    26828771 
    17212083 
    22126349 
    17615828 
    11040525 
    9068864 
    29533050 
    12087440 
    8319254 
    15881301 
    16765601 
    11218494 
    29621757 
    22777153 
    29973262 
    2638180 
    23077422 
    9461907 
    18813678 
    17384036 
    24956225 
    10225548 
    17713337 
    15992619 
    7899099 
    15506689 
    24076366 
    10190862 
    21570202 
    20088219 
    20640305 
    18399308 
    27296170 
    23721034 
    19723946 
    22922306 
    22943773 
    14767168 
    9857543 
    28614533 
    28004389 
    2059982 
    9007359 
    16297309 
    26247182 
    17486188 
    1878920 
    24437300 
    25448884 
    28086862 
    19486461 
    8876735 
    1430296 
    23020631 
    11918578 
    30238060 
    20141655 
    9690753 
    2211263 
    21750245 
    29446784 
    28628586 
    23756315 
    22391794 
    21186388 
    27619370 
    11460274 
    18364684 
    27439724 
    15352023 
    23258182 
    7850638 
    18512513 
    21879032 
    16419430 
    27767116 
    6950645 
    30892699 
    19123708 
    18797099 
    12166721 
    9403120 
    8402803 
    14276491 
    17014382 
    14649403 
    7697563 
    28739318 
    23889556 
    15470832 
    12000343 
    9482041 
    11928433 
    16110207 
    29208797 
    6936116 
    6946887 
    17977295 
    21703065 
    15914987 
    28669068 
    19643004 
    19346053 
    16674749 
    29694589 
    9429811 
    21290981 
    17024942 
    12752542 
    15525313 
    1068439 
    19345715 
    21724067 
    19204390 
    20383545 
