Topic: CD008018 

Title: Adjuvant gonadotropin‐releasing hormone analogues for the prevention of chemotherapy‐induced premature ovarian failure in premenopausal women 

Query: 
exp Ovarian Failure, Premature/
  (ovar* and (failure or function or damage)).mp.
  exp Fertility/
  fertility.mp.
  1 or 2 or 3 or 4
  chemotherap*.mp.
  (gonadal toxicity or gonadotoxic*).mp.
  exp Antineoplastic Agents/
  exp Antineoplastic Combined Chemotherapy Protocols/
6 or 7 or 8 or 9
exp Gonadotropin-Releasing Hormone/
GnRH.mp.
gonadotropin-releasing hormone.mp.
LHRH.mp.
luteinizing-hormone releasing hormone.mp.
11 or 12 or 13 or 14 or 15
5 and 10 and 16
"randomized controlled trial".pt.
"controlled clinical trial".pt.
randomized.ab.
placebo.ab.
drug therapy.fs.
randomly.ab.
trial.ab.
groups.ab.
18 or 19 or 20 or 21 or 22 or 23 or 24 or 25
17 and 26
Animals/
Humans/
28 not (28 and 29)
27 not 30
limit 31 to ED=19460101-20181119 

Pids: 
    17002488 
    21514582 
    18971681 
    19501354 
    29943121 
    8477775 
    19301406 
    29879312 
    28444736 
    27334218 
    26241272 
    11109312 
    1730330 
    19327764 
    12598361 
    23677417 
    19718561 
    17067704 
    2242304 
    10329050 
    11371127 
    11939160 
    11836309 
    22512886 
    15652885 
    10831972 
    24033561 
    8520192 
    28754175 
    18258763 
    18197006 
    18591369 
    25724588 
    12722685 
    17462639 
    18455166 
    24535045 
    19718559 
    17114672 
    12069736 
    24360817 
    17678651 
    19396631 
    22839999 
    8426860 
    24716954 
    21300339 
    15742331 
    14613992 
    26178334 
    28118721 
    19401614 
    15711353 
    1479003 
    2533217 
    3105906 
    28145651 
    17457668 
    27114329 
    27322484 
    21358212 
    12708756 
    9458932 
    1755767 
    7478084 
    17159194 
    8551474 
    8388429 
    7533699 
    25833348 
    25719299 
    25088482 
    23379594 
    25461367 
    1834693 
    14659128 
    8916982 
    15847876 
    12849809 
    9206181 
    27664208 
    16111461 
    16142702 
    17970643 
    12001117 
    7846980 
    22649145 
    17558688 
    26558801 
    22028996 
    21874658 
    9524560 
    12657097 
    17852411 
    16439507 
    15784821 
    25034573 
    10785239 
    24854484 
    1827931 
    22028347 
    8293833 
    10099965 
    17948750 
    24937966 
    29552942 
    22503495 
    2128966 
    11287021 
    12168731 
    14671160 
    15216901 
    9446077 
    21410346 
    11893009 
    2137793 
    8191594 
    9401870 
    9785194 
    7959154 
    28562472 
    23150709 
    19153828 
    28926289 
    18628732 
    23012318 
    10917114 
    26622183 
    2526818 
    11120511 
    26957619 
    18425367 
    22040206 
    28395560 
    18328482 
    25044080 
    21771987 
    11020518 
    24746740 
    8701625 
    21120512 
    25403582 
    1388047 
    8669839 
    18325918 
    11937116 
    29357022 
    9755805 
    27199084 
    19524895 
    22438026 
    29139105 
    25283586 
    19523856 
    12880131 
    26466909 
    8942490 
    8015704 
    17244784 
    8370686 
    17723944 
    18026832 
    14667870 
    19342037 
    16330236 
    11788628 
    3884062 
    9741781 
    7851578 
    11098021 
    1553181 
    11438377 
    20674192 
    12183859 
    19281314 
    11557642 
    8986681 
    28390569 
    7641897 
    28006769 
    19339000 
    24654464 
    17405890 
    15519512 
    15705369 
    1100751 
    20232475 
    12419034 
    29466689 
    7528032 
    8783388 
    16297086 
    15369444 
    8856307 
    27056135 
    24199923 
    10325255 
    21143113 
    22901847 
    17879831 
    3032693 
    29055060 
    11326917 
    2476046 
    27940355 
    11679528 
    19646600 
    26426573 
    1906152 
    19608171 
    3082618 
    21074154 
    28472240 
    23904400 
    9131500 
    10599545 
    26536207 
    16302717 
    19795861 
    17918264 
    19646673 
    19400418 
    23240226 
    17386122 
    26370157 
    15853442 
    12514564 
    11700258 
    15112167 
    7743379 
    27022111 
    21550042 
    19129073 
    23805216 
    17847764 
    26194532 
    15689930 
    21828120 
    7621565 
    26421668 
    18249374 
    20170848 
    22333277 
    10899500 
    18511110 
    16765589 
    27341989 
    14530912 
    8921104 
    16146273 
    11223377 
    15178613 
    9086334 
    15656211 
    26613834 
    18400585 
    26637906 
    22646773 
    1535021 
    27017207 
    26426406 
    7010866 
    12095511 
    20430379 
    11447732 
    1286048 
    2961786 
    23262931 
    24351071 
    19646599 
    12738506 
    23134528 
    27253235 
    22212313 
    10688497 
    9699874 
    8799912 
    22439404 
    16392882 
    26720025 
    11117671 
    10796723 
    9436663 
    29714885 
    9531876 
    8336864 
    26249119 
    19774844 
    24934489 
    1828640 
    29957076 
    18183790 
    2533146 
    18230566 
    9696210 
    26609009 
    20724078 
    15673017 
    20173119 
    10731546 
    14974912 
    20876910 
    25860674 
    20708199 
    23614679 
    21537042 
    21768469 
    2526032 
    10981642 
    8890725 
    22088206 
    28174376 
    24184281 
    14649378 
    20552577 
    11287012 
    20571868 
    9508182 
    17980497 
    26246413 
    23684357 
    26866810 
    16697968 
    8405516 
    8120917 
    22649128 
    1533584 
    17707674 
    9091331 
    6787988 
    20236519 
    26463871 
    9704764 
    8616132 
    25950126 
    8396511 
    26523330 
    8065590 
    8325935 
    8692508 
    26844558 
    17765234 
    17475986 
    17940112 
    12755992 
    15302283 
    16202345 
    8977757 
    8692536 
    7593503 
    9920060 
    2887526 
    16455026 
    26347105 
    25676588 
    24651411 
    23153053 
    25649243 
    22390186 
    20832294 
    16966348 
    10874521 
    29714879 
    17454195 
    21048441 
    21489559 
    6403570 
    17636604 
    21770827 
    2528478 
    1835587 
    23452939 
    26411202 
    25392665 
    1740194 
    17924940 
    26126304 
    18820006 
    16019360 
    10969920 
    26039609 
    19234783 
    15485101 
    21541703 
    8045961 
    18959739 
    18754430 
    11251372 
    9785197 
    10402369 
    22296584 
    30128871 
    11937127 
    17851753 
    10911573 
    16006734 
    24321862 
    8144850 
    23298851 
    2262393 
    15820796 
    21273128 
    12556096 
    7755066 
    22466349 
    18367183 
    11755502 
    16734874 
    24942013 
    11804427 
    8624429 
    10970693 
    10710751 
    22133574 
    8458463 
    19165664 
    10796497 
    2934580 
    17451079 
    28277113 
    17679929 
    20664513 
    11397837 
    18647810 
    10734431 
    9079411 
    9647536 
    12477523 
    25572674 
    12857596 
    22459763 
    18675959 
    9804219 
    17601603 
    12078896 
    20426605 
    20663793 
    29470701 
    17010060 
    17847754 
    23751054 
    26917466 
    20202593 
    10973651 
    10611186 
    23019276 
    28742263 
    26729437 
    22935556 
    18367175 
    27021926 
    17635844 
    1601140 
    9240625 
    16476832 
    8897120 
    24343065 
    20883991 
    21324455 
    2138580 
    26092816 
    24164203 
    22525920 
    26546756 
    25423705 
    14679153 
    24002509 
    10709427 
    18054932 
    8887188 
    9756268 
    23484560 
    22229256 
    7819708 
    12659788 
    29544634 
    27217453 
    18971013 
    12446994 
    1824744 
    28427285 
    26756261 
    15672958 
    26927248 
    16254024 
    17434884 
    18335226 
    28002850 
    11208825 
    20419306 
    15598675 
    18404830 
    22752060 
    19897682 
    11262844 
    26445999 
    10927048 
    10432942 
    22707514 
    12057729 
    8886699 
    8036387 
    17178185 
    24397218 
    18675974 
    15477635 
    8737616 
    25033681 
    11939159 
    3123511 
    8300811 
    28911092 
    17173900 
    10511781 
    9886506 
    21195008 
    22071842 
    27236602 
    8566268 
    25322976 
    26197460 
    8509350 
    21726903 
    11129083 
    26466612 
    26255743 
    19046580 
    22282904 
    23444754 
    20532911 
    21862002 
    26166349 
    7502685 
    12575602 
    17697500 
    12580839 
    17726782 
    8506834 
    10710743 
    28739555 
    15050465 
    1534745 
    25738668 
    2704342 
    25826240 
    22503276 
    20850732 
    17923831 
    27422055 
    14501238 
    17353864 
    16205599 
    18056027 
    18024297 
    18468953 
    25461372 
    22130103 
    23567095 
    20226444 
    8213225 
    1386817 
    20869706 
    21171243 
    24919932 
    28288389 
    9435325 
    8889631 
    29117576 
    25673474 
    22228451 
    22863496 
    20825643 
    21601197 
    18515310 
    11300044 
    25801817 
    24503025 
    21868068 
    21472633 
    20972713 
    9405728 
    20305034 
    24095609 
    25134281 
    20642381 
    26463868 
    22231046 
    17011327 
    23515450 
    28398024 
    24002513 
    21919808 
    25469336 
    26039610 
    16176939 
    20943612 
    19967405 
    21810087 
    21254946 
    7851588 
    27197523 
    29786828 
    25823720 
    22281514 
    10499742 
    6141569 
    16222310 
    1547932 
    8752611 
    7704713 
    2522795 
    20148740 
    17937096 
    29040519 
    8106041 
    21484457 
    25848306 
    18452079 
    17913663 
    16412770 
    11276454 
    21771995 
    10649809 
    26720024 
    28173995 
    25837641 
    23077235 
    18249365 
    8671425 
    28764603 
    25752307 
    10740327 
    15711407 
    10610208 
    28118719 
    20711656 
    17130963 
    15927827 
    23129737 
    26932202 
    2532171 
    22649148 
    20734678 
    22284634 
    21145541 
    16595219 
    15817583 
    11697620 
    12182445 
    9138869 
    25754677 
    24312222 
    23141181 
    29510273 
    25238659 
    15286832 
    18824495 
    11984088 
    17908713 
    20054409 
    12351525 
    23125082 
    26837239 
    21714697 
    20081178 
    12217888 
    1899400 
    9058346 
    17875539 
    21699083 
    15193471 
    28646567 
    3125071 
    12538505 
    28796038 
    19732883 
    8314977 
    1531578 
    15053070 
    28333356 
    3937850 
    17482177 
    17914074 
    11190375 
    16716325 
    26626234 
    8575688 
    28187771 
    16460603 
    29177573 
    11405968 
    23263867 
    23422190 
    23806846 
    18410932 
    19015974 
    12851694 
    1674933 
    18069418 
    25171950 
    22764552 
    7059904 
    16388519 
    21748312 
    23361612 
    18249372 
    20673892 
    15588464 
    27521770 
    27003301 
    16019373 
    26039611 
    22821588 
    2570764 
    16757104 
    8671156 
    29312996 
    27077898 
    21366876 
    9951575 
    9359638 
    10573250 
    8253919 
    27125407 
    16195824 
    16126441 
    6434946 
    21838160 
    29121807 
    21545958 
    19261371 
    16007873 
    22231041 
    9935128 
    23709175 
    27894033 
    18495569 
    18789958 
    12425754 
