Topic: CD005139 

Title: Anti‐vascular endothelial growth factor for neovascular age‐related macular degeneration 

Query: 
randomized controlled trial.pt.
 (randomized or randomised).ab,ti.
 placebo.ab,ti.
 dt.fs.
 randomly.ab,ti.
 trial.ab,ti.
 groups.ab,ti.
 or/1-7
 exp animals/
 exp humans/
 9 not (9 and 10)
 8 not 11
 exp macular degeneration/
 exp retinal degeneration/
 exp retinal neovascularization/
 exp choroidal neovascularization/
 exp macula lutea/
 maculopath$.tw.
 ((macul$ or retina$ or choroid$) adj3 degener$).tw.
 ((macul$ or retina$ or choroid$) adj3 neovasc$).tw.
 (macula$ adj2 lutea).tw.
 (AMD or ARMD or CNV).tw.
 or/13-22
 exp angiogenesis inhibitors/
 angiogenesis inducing agents/
 endothelial growth factors/
 exp vascular endothelial growth factors/
 (anti adj2 VEGF$).tw.
 (endothelial adj2 growth adj2 factor$).tw.
 (anti adj1 angiogen$).tw.
 (macugen$ or pegaptanib$ or lucentis$ or rhufab$ or ranibizumab$ or bevacizumab$ or avastin or aflibercept$ or conbercept$).tw.
 VEGF TRAP$.tw.
 or/24-32
 23 and 33
 12 and 34
limit 35 to ED=19460101-20180131 

Pids: 
    17083554 
    22972355 
    17644433 
    26866528 
    17380066 
    26107864 
    23465269 
    20628420 
    19384028 
    24896137 
    19403114 
    19324858 
    18388958 
    19729107 
    16963851 
    22581206 
    20681257 
    20534918 
    28427072 
    18779710 
    27169611 
    27327283 
    24731161 
    28060360 
    18222192 
    22044336 
    28009852 
    26449197 
    20538634 
    17951903 
    27084563 
    23352196 
    17050580 
    27258669 
    23190919 
    28114590 
    19294575 
    21236413 
    17145936 
    20517175 
    16966642 
    23040443 
    20398784 
    26237196 
    18759214 
    17628122 
    24518078 
    27092435 
    23099498 
    18604542 
    19821414 
    17951901 
    21733918 
    17073910 
    23864437 
    19407836 
    19952998 
    27436033 
    24936942 
    24513867 
    23328798 
    20890246 
    16935212 
    23051067 
    26237136 
    27096289 
    26405767 
    25834023 
    25829346 
    27034203 
    25588804 
    24046170 
    18347637 
    24525867 
    21862953 
    25217859 
    20585321 
    17712074 
    27011031 
    23306756 
    26865799 
    23751943 
    19430278 
    19274531 
    19142872 
    25028357 
    23087420 
    22466465 
    17537784 
    26907516 
    23549101 
    23061416 
    12399735 
    23773796 
    25966740 
    19101420 
    26144701 
    20853269 
    26324512 
    18273622 
    24857687 
    17475698 
    19503772 
    19373693 
    21386758 
    19485299 
    17051134 
    26455968 
    22534553 
    18437176 
    25868854 
    23440840 
    23638418 
    27729769 
    27234930 
    23945637 
    28866675 
    25081290 
    19381089 
    23011184 
    16762212 
    28449645 
    21890787 
    24388973 
    26455979 
    24269467 
    23751929 
    23647944 
    22251841 
    25460143 
    28655307 
    21350286 
    20596719 
    24169101 
    18064056 
    19337474 
    21738230 
    25667969 
    25313921 
    27832661 
    22310491 
    26584766 
    28422835 
    20577273 
    25793308 
    18949006 
    28807635 
    18386039 
    25412717 
    26728265 
    18566455 
    26149584 
    12652226 
    24506800 
    22159686 
    19951942 
    26143666 
    19997926 
    19713977 
    20381871 
    21451442 
    19388880 
    14991306 
    20827150 
    26039997 
    25687026 
    25372199 
    25068637 
    26319349 
    21337042 
    21850166 
    19189118 
    17680838 
    17469756 
    26953019 
    25269916 
    22990314 
    18454377 
    19898185 
    25834026 
    19079149 
    18937800 
    17398322 
    17564928 
    19816242 
    21768186 
    18235918 
    27566855 
    24585424 
    26471011 
    18462575 
    26512939 
    21866074 
    20925241 
    17890668 
    25447115 
    22517120 
    21970950 
    18937799 
    17891009 
    23122466 
    17372737 
    24762578 
    15625339 
    26584579 
    25925047 
    18465736 
    25818575 
    17964347 
    26187408 
    22902212 
    26565927 
    26460574 
    16763863 
    28526489 
    22352824 
    26477842 
    24662930 
    20887885 
    28837790 
    21394063 
    25748280 
    20037904 
    25373450 
    25592123 
    25541937 
    21555610 
    18823536 
    16565398 
    27746298 
    27018216 
    25402348 
    18952646 
    26265641 
    18825317 
    25739373 
    20925582 
    21146224 
    21885622 
    14586234 
    9323726 
    19125745 
    23479531 
    25621943 
    25394166 
    27756077 
    24227801 
    18937801 
    21742309 
    19169239 
    22714897 
    24518615 
    21057805 
    28238195 
    22526618 
    25461263 
    26076215 
    26064225 
    18418553 
    23099497 
    22165097 
    26900043 
    22136676 
    20177955 
    27301712 
    22105501 
    16118952 
    17052163 
    20938212 
    29224686 
    26654441 
    27720552 
    21560855 
    26008916 
    20954148 
    25416566 
    21921956 
    25077535 
    19376589 
    23296047 
    23706500 
    25217857 
    23737661 
    26606738 
    24836865 
    24219407 
    24553409 
    23413903 
    23678271 
    23335851 
    26172060 
    23461368 
    25707044 
    20401560 
    29020430 
    28551167 
    27163234 
    25932725 
    26203216 
    29089312 
    28292270 
    25446322 
    21320967 
    27065369 
    18196206 
    17846939 
    26536012 
    19553796 
    26220834 
    23007232 
    21774389 
    21155986 
    25596618 
    27726477 
    18778334 
    19753688 
    25435217 
    19164810 
    25170575 
    25768248 
    21682590 
    25901835 
    17951899 
    28492860 
    26848666 
    26868827 
    18256843 
    26431293 
    22965591 
    20427088 
    24534755 
    23490192 
    23044946 
    19553790 
    19365011 
    27077733 
    22486651 
    25558172 
    24662778 
    25425105 
    25433751 
    16341677 
    26065226 
    20398941 
    21860567 
    26226509 
    17166893 
    25163415 
    27280850 
    27348434 
    20937997 
    21034302 
    18672291 
    17386270 
    24555421 
    23550271 
    26985795 
    24065511 
    21655039 
    23931473 
    25029255 
    26501152 
    24770536 
    22370387 
    24980110 
    24508228 
    17585951 
    25777818 
    26599239 
    27388744 
    17420695 
    28954030 
    16682587 
    26383707 
    24837049 
    22527322 
    26651319 
    25646034 
    22911355 
    18154762 
    20871825 
    25892935 
    25555799 
    17237677 
    24995375 
    19836845 
    22066662 
    23952911 
    22450218 
    21337043 
    21459215 
    21482645 
    26375345 
    24051405 
    23743535 
    17460341 
    27787445 
    22797809 
    27084000 
    23975006 
    17244202 
    10888033 
    21526924 
    23782377 
    21830744 
    18617547 
    28036336 
    28114575 
    16334627 
    17626931 
    26088619 
    20930751 
    22362114 
    18488380 
    23873167 
    24856361 
    28395293 
    27183553 
    23379205 
    24633460 
    21813100 
    21380538 
    20643396 
    24667570 
    20925244 
    25261844 
    26383711 
    23412534 
    20196434 
    26999939 
    22428185 
    22246387 
    21817958 
    27660164 
    21811207 
    28384009 
    21526923 
    19553801 
    26731132 
    18626744 
    12789601 
    23642051 
    22983424 
    23984614 
    25109929 
    22699774 
    27711918 
    18165084 
    22968142 
    22571933 
    21511104 
    22459106 
    28821236 
    28744656 
    25105313 
    24624338 
    26369798 
    25059401 
    25372544 
    26975025 
    25241972 
    24999721 
    23625322 
    22898649 
    25533265 
    21157072 
    22301066 
    19168899 
    23813105 
    24833182 
    16154196 
    17187026 
    22333847 
    19520690 
    18476807 
    20049508 
    28367039 
    26209516 
    23730111 
    15533634 
    25310689 
    25220133 
    27116030 
    20408095 
    27227354 
    22299521 
    26453639 
    20939797 
    20425156 
    25043969 
    17619375 
    23829173 
    20616680 
    22752624 
    21051706 
    20492474 
    25101720 
    20189159 
    28475181 
    27534663 
    27409485 
    26984473 
    24931155 
    24722504 
    28772268 
    23495932 
    27597740 
    24215127 
    22044333 
    21552499 
    18925912 
    26987207 
    26872918 
    22306121 
    20386095 
    16965507 
    20946332 
    20431613 
    20037902 
    20135139 
    18262310 
    17897552 
    25186317 
    23559864 
    27591037 
    25646753 
    22309281 
    20665044 
    18040237 
    25371633 
    18937824 
    18426702 
    20723993 
    19065974 
    23361508 
    20168273 
    26206530 
    25914729 
    22480743 
    19696699 
    25259682 
    25559519 
    26469535 
    20549036 
    21843641 
    21293319 
    19633973 
    26455973 
    20525469 
    16784022 
    19174716 
    17702534 
    23549100 
    21253745 
    28048946 
    26196302 
    22207123 
    24368308 
    23590391 
    18702348 
    26231305 
    26578446 
    26232601 
    24392909 
    25871873 
    21620822 
    29094167 
    22922846 
    21548719 
    27789040 
    23518773 
    25495575 
    22504325 
    19662081 
    24590556 
    19273790 
    28005668 
    26605836 
    20339389 
    18188796 
    19454069 
    17891007 
    25383845 
    25870665 
    17389510 
    17891210 
    25840618 
    22717458 
    19489761 
    26080583 
    19477713 
    16395411 
    21473086 
    22888687 
    21684606 
    17349140 
    24862792 
    19384786 
    25372211 
    15596583 
    25267418 
    23093324 
    26632138 
    16763862 
    26457397 
    17976724 
    19039333 
    26418445 
    23111181 
    22274144 
    20830848 
    18982035 
    17653753 
    19403519 
    21102366 
    28535756 
    23393060 
    26919844 
    20139287 
    18351536 
    28715590 
    17111146 
    19668423 
    25877895 
    25843911 
    26920612 
    22813448 
    27787744 
    22515701 
    21036211 
    23846209 
    20424494 
    28266152 
    20169357 
    21640258 
    26124462 
    24838864 
    25835307 
    23874084 
    19604160 
    25631483 
    19553798 
    16343627 
    20868767 
    19211092 
    21836409 
    17286185 
    25270019 
    21631687 
    27229701 
    22880086 
    27617541 
    20223672 
    27162459 
    26900741 
    17011952 
    21232084 
    16770255 
    22773992 
    21170513 
    24946485 
    18348879 
    20716323 
    23224127 
    18573218 
    24269378 
    20645926 
    18035208 
    18535575 
    20852916 
    29196768 
    20516142 
    25996427 
    25308789 
    19553802 
    23093311 
    17647121 
    24268853 
    27190127 
    22111778 
    23515639 
    26501219 
    21305729 
    27928964 
    23887803 
    25766588 
    24561173 
    21102492 
    26513684 
    25392193 
    26288110 
    26868007 
    23016250 
    24790881 
    19694600 
    23558214 
    27672589 
    27082736 
    20678799 
    19287288 
    24278990 
    24531021 
    15118508 
    25269825 
    27907924 
    25241975 
    23218864 
    25377519 
    21982109 
    20521504 
    23296045 
    23759437 
    21836351 
    24777708 
    19881397 
    20143531 
    18494740 
    25399292 
    26583310 
    24398091 
    25382074 
    27787444 
    26113211 
    27841849 
    24330277 
    24794284 
    23508078 
    23030355 
    24875368 
    21666337 
    28819823 
    28655539 
    24269464 
    24141904 
    26563248 
    26490832 
    20935305 
    21052933 
    26469235 
    25468789 
    25352735 
    19519730 
    18454402 
    18369065 
    23296048 
    21527958 
    25588083 
    22352446 
    18488382 
    17455733 
    26164828 
    28258075 
    20569989 
    17558312 
    24741930 
    19068385 
    18626742 
    18546006 
    24727261 
    24152187 
    25972260 
    26383996 
    24310208 
    18814519 
    23171290 
    21623685 
    19205505 
    18728621 
    18201525 
    21744122 
    19639332 
    22173073 
    20385955 
    26088674 
    26364500 
    28249594 
    26312450 
    26056840 
    19218618 
    25730680 
    22509699 
    27646337 
    26050540 
    24278987 
    18463509 
    22560423 
    26844686 
    23640178 
    19700196 
    26368921 
    17687925 
    26008920 
    26117932 
    17535371 
    20961248 
    17260312 
    21188681 
    20703031 
    25946692 
    23734081 
    21470108 
    20853255 
    21786274 
    19507101 
    18836410 
    18026202 
    15905870 
    28603410 
    25044143 
    24139123 
    27155911 
    21570056 
    27364636 
    20431610 
    19173161 
    28366840 
    22653439 
    19243834 
    28106889 
    20376455 
    23652580 
    17671940 
    21311660 
    21247763 
    18071731 
    26457401 
    27523491 
    21555967 
    24788977 
    19681792 
    25188901 
    19800611 
    25957377 
    26991591 
    26935357 
    18676631 
    19516117 
    24995509 
    26945238 
    22411674 
    22410628 
    20616682 
    23446653 
    22284725 
    18594512 
    24104718 
    23202275 
    26953030 
    24212210 
    22667326 
    20602625 
    21358363 
    17556838 
    24732695 
    26988773 
    25962423 
    25867595 
    18479492 
    18588357 
    18256842 
    26696314 
    24483136 
    28400373 
    26088137 
    23819839 
    23492430 
    22919878 
    21992557 
    22356289 
    17375677 
    15211174 
    26024101 
    25703472 
    25631844 
    26780119 
    22467591 
    25226890 
    19091851 
    16815269 
    26310004 
    26580417 
    24663065 
    17659962 
    23544200 
    26352160 
    25423632 
    25590857 
    21926941 
    28837425 
    25661142 
    18628724 
    19232012 
    27183554 
    21394052 
    20148661 
    19333696 
    21902785 
    17290193 
    27401800 
    21187729 
    26296050 
    26133058 
    25046397 
    24771183 
    24657215 
    27928444 
    18523095 
    17631914 
    21744772 
    26995076 
    20507192 
    16782958 
    27237048 
    21275596 
    27010625 
    17558313 
    25692915 
    21818134 
    22289279 
    19426405 
    26572732 
    21469965 
    25646029 
    18454587 
    21640257 
    25885684 
    19643495 
    19846061 
    22939114 
    25190137 
    20224465 
    23238073 
    26828124 
    21102369 
    19590252 
    23518614 
    28974211 
    24407425 
    24144403 
    21483262 
    20424217 
    25742403 
    15293867 
    23337517 
    18536613 
    22117740 
    16083310 
    25935099 
    17763232 
    25110587 
    26635456 
    21725716 
    17609852 
    27911420 
    17403025 
    24999724 
    20144224 
    18220620 
    11258131 
    28596286 
    25935789 
    22510583 
    20336600 
    17107753 
    26469229 
    25925046 
    22517209 
    23092598 
    24439441 
    26312447 
    24146272 
    18046222 
    19148667 
    26939555 
    24868452 
    24533641 
    27488071 
    21782151 
    21137472 
    20027409 
    18481343 
    26520169 
    25564457 
    25427339 
    23080338 
    16508438 
    12834696 
    27913869 
    29177890 
    27560847 
    22270217 
    27123887 
    24635755 
    21950702 
    17187150 
    27564719 
    26322430 
    24983855 
    18078933 
    28983556 
    27582675 
    17957379 
    18054635 
    21310910 
    20594160 
    18625940 
    26545320 
    25160859 
    17216267 
    19321481 
    21398288 
    26431660 
    20703039 
    27286893 
    20614998 
    17157599 
    23449508 
    26719492 
    26995074 
    23664153 
    19763022 
    17152537 
    26676891 
    14638740 
    22678809 
    20035686 
    18040236 
    25330364 
    16929069 
    23786886 
    19287289 
    28270485 
    22481482 
    21872935 
    23025269 
    28467427 
    27073205 
    27183550 
    24060299 
    22722486 
    21853954 
    26869159 
    21770740 
    24439462 
    20526290 
    19952993 
    19602910 
    24345322 
    23030506 
    19584658 
    18971238 
    16988623 
    23823078 
    26501927 
    24024312 
    24852069 
    23221964 
    19337953 
    19763757 
    23632401 
    21460724 
    23573745 
    19996834 
    20010320 
    26833721 
    24875598 
    22818896 
    21830945 
    17139490 
    26820610 
    19432871 
    17923543 
    24510511 
    29020433 
    28452992 
    28367038 
    22619071 
    26855278 
    21245959 
    22710369 
    28186507 
    23215753 
    21606888 
    19925410 
    27030279 
    12516033 
    26164826 
    20939799 
    17805556 
    26502007 
    24811080 
    24461586 
    23807371 
    23539234 
    19800537 
    23629791 
    25113246 
    17304257 
    26102433 
    17291419 
    17021326 
    14754401 
    20617491 
    28613221 
    28994269 
    28484955 
    25185254 
    22672259 
    20540378 
    16333261 
    23335312 
    26312451 
    23615764 
    22261737 
    20689431 
    25988617 
    27832655 
    23031671 
    18193448 
    17404357 
    16138974 
    23907626 
    17891058 
    28419394 
    26111575 
    26337539 
    23725499 
    19199896 
    17317396 
    24080590 
    16977340 
    21335144 
    24104707 
    18188178 
    26655608 
    27364753 
    26327116 
    25330134 
    24802549 
    23292276 
    26405770 
    23001256 
    19098033 
    24795335 
    25870215 
    27660163 
    25590856 
    24269850 
    26120271 
    25853291 
    26631401 
    26991650 
    26036708 
    24833178 
    21849124 
    21306263 
    26919788 
    23767190 
    27080484 
    22527314 
    20168271 
    25387047 
    19123169 
    25902076 
    27316276 
    25837641 
    16508426 
    21055400 
    28007451 
    18698145 
    27116510 
    19939802 
    19556212 
    17187509 
    17151486 
    20584002 
    21459214 
    24196779 
    25425713 
    20847709 
    21982107 
    23584693 
    27991837 
    19476398 
    27215744 
    26088677 
    26431297 
    25619682 
    21875871 
    19327746 
    17060798 
    24269436 
    11309996 
    24457150 
    23452436 
    23405978 
    24784430 
    18417837 
    26166802 
    19123168 
    18211942 
    17046701 
    16935209 
    21878845 
    20630595 
    15782756 
    21527957 
    19357555 
    28637435 
    26466227 
    19634750 
    24895384 
    25730336 
    23237542 
    20215378 
    27759857 
    19642358 
    27687603 
    26655012 
    24095605 
    24859475 
    23684887 
    25539563 
    27878592 
    24615827 
    24215032 
    22220460 
    26058945 
    19118696 
    17078173 
    19816516 
    26180485 
    26875003 
    23430674 
    25138756 
    24814167 
    18779499 
    17402563 
    25784111 
    26417625 
    24392915 
    24343601 
    21951313 
    22198303 
    23200165 
    27146677 
    24735801 
    21151038 
    19396803 
    24505199 
    21810019 
    24782472 
    21199624 
    24217407 
    18320528 
    24914476 
    29074161 
    27720395 
    25137920 
    20693484 
    18330892 
    24967206 
    27627752 
    28341661 
    25120338 
    24388818 
    26431295 
    24439760 
    21437759 
    21110509 
    25116765 
    22990616 
    20636486 
    19079144 
    23359132 
    19744723 
    27730425 
    21427630 
    27258668 
    19927486 
    28027565 
    27013066 
    21376243 
    18702350 
    19492002 
    26428221 
    21946550 
    23258660 
    21472638 
    25249615 
    23055187 
    22495396 
    19553799 
    23485818 
    26358272 
    24909062 
    27981904 
    22917890 
    27157149 
    22434210 
    21421873 
    20215389 
    22737998 
    19430282 
    17505145 
    17188061 
    25472906 
    18698312 
    21586838 
    22103683 
    26265643 
    25012934 
    24112635 
    27078799 
    24978430 
    23248073 
    25940553 
    20155704 
    21555969 
    22907145 
    18854782 
    16680105 
    22506618 
    22281826 
    21484755 
    19553803 
    16033295 
    27893623 
    22824618 
    23290491 
    20591490 
    20585799 
    20703035 
    17698196 
    22218249 
    25046394 
    21234588 
    18201136 
    20094007 
    25881145 
    22846802 
    25902116 
    10896338 
    22465368 
    21428791 
    23726306 
    25846847 
    19485295 
    18728623 
    18827735 
    18784449 
    25600198 
    26650228 
    20703036 
    21155980 
    17965102 
    17621179 
    21539985 
    16935208 
    27518544 
    17572499 
    17951911 
    22840423 
    17459318 
    26644130 
    27587748 
    26230004 
    23990705 
    23548379 
    18796421 
    23706946 
    23516253 
    23430191 
    27739561 
    23598674 
    23073338 
    23202396 
    27481048 
    26349157 
    25412682 
    17031286 
    24383110 
    27130973 
    20224478 
    27659265 
    25899144 
    26228291 
    19407834 
    18388961 
    23699977 
    17330407 
    22562296 
    20577866 
    19553791 
    17706045 
    18157710 
    17895411 
    21736091 
    22256564 
    24978669 
    24866832 
    23149126 
    23571237 
    21896838 
    25423633 
    12682760 
    17964340 
    26621610 
    21701525 
    16647134 
    25432081 
    25681022 
    19294576 
    27404493 
    19384756 
    21901296 
    20703034 
    23429601 
    17995986 
    28341388 
    25908007 
    20172072 
    18344969 
    20890239 
    21707016 
    16138964 
    15936441 
    23545016 
    23215543 
    26087135 
    26294336 
    21598607 
    15273657 
    27215008 
    26950966 
    22173286 
    21500186 
    28195620 
    26836112 
    16120858 
    17980746 
    22193875 
    21692203 
    20531143 
    24664774 
    28718575 
    20001757 
    26142721 
    20300127 
    19430392 
    23372421 
    27997361 
    14755895 
    24899794 
    25714990 
    27156698 
    24793527 
    17914205 
    27380223 
    25413000 
    24327288 
    28779336 
    22047905 
    26728758 
    22578446 
    26350989 
    23410808 
    26802718 
    25700714 
    23022163 
    17324695 
    23479530 
    22444829 
    27065382 
    25096269 
    24453484 
    23441365 
    22133795 
    28926846 
    19634740 
    20031229 
    28297041 
    14566975 
    27479576 
    24339691 
    25873213 
    29057640 
    20679089 
    20642588 
    19898180 
    24602183 
    16823865 
    25943370 
    26959128 
    24684838 
    23513915 
    28245446 
    22776937 
    21921947 
    21135894 
    17693997 
    25905784 
    26710307 
    22339886 
    18971232 
    26305536 
    17964344 
    19878113 
    24246375 
    27749445 
    24130789 
    26035400 
    24743642 
    22963411 
    27548351 
    19349865 
    18598098 
    22509701 
    19669654 
    20010453 
    24896136 
    24518613 
    24505138 
    22491855 
    18586901 
    16963867 
    26049616 
    25983216 
    26237240 
    26310005 
    26807631 
    19412700 
    22132711 
    24652721 
    23288139 
    19035252 
    26562136 
    25949086 
    22973087 
    26492386 
    24978428 
    24638254 
    20881442 
    27743159 
    26906165 
    19376495 
    18221499 
    19730163 
    23791369 
    17101999 
    19969368 
    26480947 
    19584661 
    18827730 
    22466489 
    26468327 
    26501481 
    28270488 
    24972686 
    19396448 
    18614570 
    27478354 
    21034310 
    26457038 
    23656749 
    23283200 
    21354510 
    20850857 
    18705680 
    21423038 
    24117412 
    17415530 
    17031285 
    28085965 
    24184928 
    21087958 
    18556936 
    27776541 
    22268957 
    26426212 
    21609228 
    28613225 
    27539089 
    24339681 
    22149483 
    18571091 
    10892852 
    25192913 
    25044137 
    23494008 
    27078613 
    19455969 
    19375689 
    26678602 
    25744335 
    23591527 
    17488467 
    26909797 
    22322998 
    20678803 
    26868748 
    27538907 
    18599562 
    26584450 
    22419849 
    27716750 
    17887807 
    23884391 
    21836410 
    21283167 
    28114591 
    22754971 
    17179899 
    24943231 
    21647565 
    21218391 
    26417628 
    23848591 
    22687306 
    19287467 
    29127485 
    25079928 
    24414400 
    24020921 
    19661237 
    26222566 
    26156564 
    25640411 
    23689115 
    19925729 
    24007907 
    16944636 
    18702353 
    26678412 
    19996818 
    20927757 
    27130369 
    22110075 
    17458792 
    17601433 
    26832658 
    26242766 
    21611879 
    15059706 
    21813636 
    28930884 
    26996429 
    26165696 
    25917462 
    21501082 
    22071230 
    20852318 
    28427068 
    25260802 
    21040318 
    25834025 
    20858403 
    22440275 
    23298885 
    17765427 
    21602481 
    28937833 
    26584796 
    26247453 
    17437123 
    19911016 
    22687319 
    21461221 
    18401308 
    22183347 
    23236036 
    26778346 
    25283060 
    28715811 
    29212537 
    21794843 
    25283631 
    27630373 
    16368146 
    23736827 
    28478396 
    26501149 
    24104716 
    22253485 
    26802719 
    27688287 
    21507509 
    25214760 
    17674014 
    26878442 
    27051259 
    25898987 
    26222569 
    26035340 
    23598795 
    16763864 
    25745875 
    26228289 
    23316779 
    18076206 
    27775223 
    26800210 
    26540474 
    24136628 
    21486218 
    19232732 
    28084038 
    26583372 
    22824650 
    24906857 
    22562186 
    26079476 
    25154202 
    19503767 
    28643718 
    27842163 
    23218689 
    27283845 
    28618455 
    21719569 
    24881600 
    20964459 
    19074916 
    18425523 
    27429385 
    28499051 
    28241312 
    26655622 
    23537150 
    19741717 
    19396791 
    18299840 
    17456939 
    17011868 
    23266880 
    18071944 
    15221306 
    27682852 
    23642856 
    24037605 
    19553804 
    25245600 
    21341413 
    24699803 
    25925045 
    25391986 
    26025097 
    21709531 
    24750589 
    18028237 
    24664776 
    17122137 
    16260350 
    25285810 
    26383643 
    27366678 
    22683252 
    20146243 
    25439595 
    22212151 
    23929080 
    18256604 
    16815256 
    22741353 
    19485300 
    29168044 
    27632214 
    26489018 
    26337944 
    25949073 
    25487081 
    17277758 
    24070809 
    18784623 
    18785551 
    26111344 
    12515077 
    21989728 
    25446077 
    27034198 
    21470378 
    26797889 
    21137475 
    26735564 
    27615601 
    25830694 
    25542520 
    27397583 
    23686326 
    22366903 
    21823986 
    20432959 
    24846134 
    21558292 
    28033280 
    21319137 
    27417383 
    18642017 
    23373399 
    25489638 
    21357390 
    22888684 
    25056526 
    26780098 
    27951596 
    26902570 
    19060280 
    26138657 
    18241635 
    26355948 
    23953100 
    16386991 
    23233252 
    25596882 
    21801339 
    27755376 
    26802720 
    18067876 
    28813577 
    21252956 
    27086023 
    26170626 
    22268661 
    19965822 
    17532250 
    26720459 
    15892078 
    21451440 
    19553795 
    17915581 
    18607601 
    25562624 
    28005666 
    21494878 
    18347632 
    26187951 
    19491948 
    21311657 
    26419008 
    21240036 
    26210865 
    18632681 
    26682842 
    18379947 
    18286296 
    25870678 
    22668201 
    28494491 
    27437998 
    28259869 
    26918902 
    20597872 
    27079204 
    21631366 
    20101800 
    27487463 
    23633664 
    22040647 
    21386755 
    22078902 
    20559156 
    17408387 
    17951895 
    21507488 
    27778249 
    29082448 
    18528639 
    18785539 
    25338279 
    17628683 
    24897289 
    26028948 
    27160159 
    25118844 
    22241014 
    20384590 
    27454223 
    25073527 
    24367156 
    26783096 
    25547617 
    26949121 
    25989706 
    25856827 
    23930669 
    25578255 
    23337555 
    21914409 
    17259917 
    16935207 
    26801323 
    21609511 
    17151505 
    27017997 
    19736847 
    17355729 
    19824452 
    21443427 
    19429594 
    22731243 
    21855670 
    17024968 
    22088356 
    24016866 
    21350699 
    27069359 
    27668928 
    18536615 
    26366584 
    25610946 
    20464119 
    23807188 
    18774547 
    17934693 
    23413039 
    24978869 
    28973328 
    21958440 
    12545680 
    12723577 
    27135213 
    17219112 
    25744441 
    21269789 
    18621798 
    23821201 
    21478810 
    17932868 
    22694959 
    26038338 
    19410951 
    25439429 
    19674731 
    27913442 
    25726749 
    25444367 
    17240261 
    19994589 
    20706974 
    17599414 
    20887244 
    17558314 
    22735801 
    21691258 
    27716027 
    24701814 
    22066978 
    20102348 
    20307215 
    19672216 
    22948949 
    19128380 
    11133880 
    26654551 
    25740804 
    22460118 
    22566995 
    22132722 
    21851472 
    20920825 
    20648074 
    22290070 
    28139082 
    27220225 
    26040221 
    25033899 
    27454304 
    25761547 
    25712826 
    27725196 
    26043678 
    23664150 
    23317653 
    23571251 
    25500986 
    23229224 
    23022167 
    18759208 
    24477666 
    27515571 
    25989873 
    24637667 
    24167325 
    17955841 
    26035761 
    23569355 
    19633982 
    18849633 
    18327151 
    17559558 
    19553805 
    25881069 
    19575206 
    27793821 
    21562448 
    26076760 
    17061237 
    24338577 
    22893085 
    25821593 
    23629792 
    19624346 
    19430281 
    28003009 
    24151651 
    21791591 
    20028262 
    28427070 
    26102434 
    17151487 
    17186262 
    19680279 
    27465570 
    25711641 
    16935211 
    20393294 
    26247458 
    25622852 
    22183139 
    26951773 
    24925048 
    21360482 
    26255966 
    23485655 
    25145456 
    21830747 
    27080482 
    17658909 
    16156152 
    28492939 
    27964806 
    20408074 
    21295766 
    24332686 
    17244225 
    17415697 
    22555112 
    26271842 
    25812378 
    21719568 
    18855647 
    26337708 
    19277242 
    22289291 
    25650712 
    21338327 
    18046219 
    25462435 
    20001264 
    25677668 
    23483505 
    21157079 
    27080862 
    16253870 
    23038888 
    23916488 
    18664935 
    28161830 
    19668725 
    23280048 
    19139332 
    23060727 
    19689408 
    26674182 
    21976400 
    26706269 
    21074435 
    19911018 
    21862536 
    19094171 
    18592439 
    17896295 
    25429419 
    15602407 
    18420133 
    20566180 
    17371204 
    14750758 
    20714747 
    26637166 
    22008284 
    16935210 
    20419850 
    18772178 
    22882318 
    22309606 
    26948315 
    17916314 
    25726752 
    20148662 
    25318182 
    23706949 
    25621946 
    23642781 
    23726310 
    23454098 
    21499194 
    26885822 
    19672004 
    18723139 
    17763246 
    26420681 
    20531145 
    20065240 
    25081293 
    29202760 
    16876249 
    19427992 
    18020531 
    17621181 
    22642132 
    28937877 
    16156141 
    25499584 
    20359511 
    22975610 
    21644867 
    28617905 
    17899118 
    23960922 
    25372430 
    19619717 
    19509417 
    15481226 
    16387003 
    22452687 
    21516865 
    21087499 
    25471330 
    24062151 
    19642468 
    15128931 
    22788585 
    22569391 
    28556485 
    28114356 
    26748058 
    22481476 
    21385210 
    22762054 
    27233450 
    28195611 
    26470652 
    25243494 
    24973606 
    24487050 
    25136079 
    21546089 
    24566275 
    25863675 
    23224129 
    20944945 
    20539257 
    28231837 
    19549100 
    21117574 
    25960634 
    22283373 
    24467200 
    22578253 
    23037911 
    21708093 
    26395924 
    20924262 
    22688778 
    18636083 
    17591949 
    17908257 
    25399288 
    17386275 
    26862095 
    25758124 
    26376548 
    17893015 
    22496030 
    19809922 
    28610573 
    18682970 
    17313620 
    23945366 
    28902336 
    21139706 
    27040149 
    25227499 
    20872362 
    24701816 
    21362332 
    26381099 
    28836011 
    20075967 
    18463528 
    24787705 
    26735700 
    25079762 
    18698300 
    20924261 
    22920670 
    18026201 
    25406142 
    23603482 
    22183743 
    24280668 
    22890029 
    21181168 
    26384678 
    23974915 
    26949649 
    28060586 
    25148789 
    25277302 
    19934815 
    15538546 
    27045225 
    22718058 
    23587218 
    20393293 
    27798519 
    26743619 
    26302314 
    28278507 
    26316918 
    16965511 
    24488041 
    23519884 
    19898179 
    26778329 
    17962821 
    27798520 
    19703607 
    24325604 
    17074526 
    18854025 
    22570352 
    27208982 
    24803153 
    21627341 
    21609219 
    20576765 
    25925049 
    24290332 
    22234244 
    23790153 
    20384603 
    24788012 
    19092732 
    17965109 
    17891008 
    15999719 
    21586857 
    21187732 
    17063424 
    19842076 
    21183941 
    22878451 
    18398378 
    27122966 
    20057511 
    25529762 
    22817833 
    25142373 
    23938122 
    21997827 
    21336001 
    20510692 
    22888686 
    27658564 
    26701272 
    22662749 
    20415626 
    23560774 
    21031024 
    21386757 
    26222106 
    21040311 
    16355214 
    25207947 
    18328456 
    28076563 
    21836400 
    19022058 
    19208677 
    20825735 
    18695115 
    26349156 
    19767029 
    26915744 
    18516776 
    26502165 
    24743641 
    25650713 
    21945900 
    20494915 
    26727825 
    19800535 
    28549848 
    24356074 
    17593007 
    21187731 
    25622101 
    20589348 
    26562513 
    21175113 
    23160538 
    17479124 
    18347638 
    29057641 
    24858528 
    20712066 
    19740129 
    23731793 
    23461161 
    21232078 
    16518379 
    17324219 
    19798813 
    23975008 
    21708378 
    19651319 
    26477843 
    26423869 
    19199898 
    19787618 
    22042059 
    19043731 
    18401552 
    23943979 
    21666322 
    19136707 
    26285742 
    24907435 
    29030692 
    22115858 
    22543084 
    26692256 
    19660732 
    21427571 
    24037836 
    19519581 
    20213614 
    26289225 
    25859685 
    24652518 
    23881948 
    26862094 
    26817131 
    23811608 
    23642742 
    17943833 
    23306178 
    23218699 
    22866908 
    28745964 
    22157632 
    25412714 
    19545901 
    28060392 
    26355947 
    22047908 
    20838357 
    17718304 
    24981352 
    21470390 
    20205602 
    18196261 
    23570466 
    26340018 
    21926939 
    19669678 
    28452939 
    18780688 
    22836760 
    21978179 
    22013648 
    25250911 
    22466463 
    21786275 
    19830442 
    28427067 
    21954975 
    16828500 
    20795575 
    28301850 
    18187884 
    25091039 
    17345090 
    22775078 
    26661463 
    25371057 
    25896458 
    22068859 
    19858042 
    27330279 
    25711057 
    24835760 
    22153646 
    28102456 
    22354263 
    18301025 
    26449194 
    23190100 
    28407012 
    20094012 
    22174664 
    17244655 
    24943325 
    26795411 
    26705092 
    25745942 
    25644536 
    25559517 
    18670458 
    16769835 
    27227391 
    15784876 
    26926483 
    18398358 
    24795334 
    17184734 
    20174816 
    21822163 
    19279315 
    22552414 
    18452647 
    24311928 
    23584701 
    22327175 
    27095804 
    12377190 
    22675660 
    16026270 
    23241227 
    27074658 
    24227804 
    26915743 
    22576370 
    22314250 
    22892606 
    26220809 
    18046218 
    27243927 
    17555600 
    26376820 
    26066478 
    24740170 
    18454380 
    17891014 
    11867604 
    26801502 
    26385270 
    17722514 
    17245083 
    20188747 
    26250101 
    23380437 
    20521508 
    22249237 
    20415625 
    23490325 
    17372850 
    24997184 
    24771184 
    23825919 
    22695057 
    27230919 
    23538584 
    23316011 
    28076566 
    26529046 
    20388353 
    26951250 
    19582472 
    19403111 
    17786466 
    21913742 
    21866073 
    19006477 
    25639282 
    28214955 
    19791730 
    20627986 
    25925748 
    28639415 
    22933839 
    25626969 
    22687305 
    24978485 
    22801854 
    24562412 
    26537156 
    24112944 
    19928722 
    22823029 
    26595362 
    22784267 
    28515072 
    25170863 
    25582212 
    22898344 
    25483229 
    19367163 
    24526197 
    22241923 
    21210141 
    26499921 
    28119292 
    27977841 
    21875571 
    25830696 
    24723165 
    28231566 
    23642372 
    23795985 
    26367340 
    23361614 
    23823510 
    19740128 
    25559518 
    24525933 
    24920511 
    25020214 
    27983657 
    25886603 
    23609123 
    22207117 
    20714180 
    20065654 
    26959143 
    23722722 
    26345542 
    26441272 
    25784361 
    24457978 
    20583361 
    20598667 
    21153577 
    25488573 
    17157597 
    27077128 
    25435749 
    27055681 
    25307130 
    21060271 
    26674776 
    22631452 
    26457416 
    20711712 
    18435977 
    22419857 
    23609122 
    22789650 
    21143129 
    17951902 
    21666317 
    21293160 
    23812669 
    20162298 
    27429384 
    18541840 
    17469757 
    24895562 
    17719376 
    18547274 
    29020426 
    27306783 
    22554559 
    17823640 
    22510011 
    12750101 
    25034605 
    22112018 
    18344971 
    17521219 
    24251435 
    21117365 
    15767082 
    25976640 
    27702624 
    28535531 
    23306536 
    20924273 
    16144215 
    17510474 
    26391167 
    18028234 
    23638426 
    25300507 
    24206851 
    20802176 
    18717434 
    23400085 
    22697404 
    15290154 
    25902117 
    23813420 
    22014603 
    18784620 
    18292635 
    21883989 
    25402871 
    24084497 
    25147904 
    18063885 
    23514793 
    25190663 
    28756707 
    20224599 
    26585211 
    27307715 
    17541869 
    26155075 
    26109021 
    25103655 
    27229707 
    24965385 
    23394730 
    22830523 
    22913867 
    20813746 
    20565319 
    19540983 
    19091408 
    26114844 
    27117899 
    18577659 
    24402616 
    17979601 
    27130974 
    26321867 
    25030237 
    24491642 
    20855114 
    17287977 
    26746868 
    24669597 
    19729101 
    19860782 
    28165851 
    27034182 
    26095263 
    27697472 
    27784074 
    19470386 
    24428099 
    25719991 
    23717924 
    21930720 
    27329255 
    28471100 
    17537667 
    27189458 
    20379284 
    26866529 
    24356667 
    21183512 
    20399931 
    20221623 
    19478826 
    18653595 
    17372736 
    18050130 
    24240560 
    23742103 
    27784021 
    17063425 
    19953626 
    27215011 
    19590525 
    25949076 
    27115852 
    17594186 
    20530656 
    25491161 
    25503908 
    18412594 
    25118827 
    26675387 
    26888975 
    28643528 
    21587273 
    19507100 
    22258164 
    20130708 
    25786032 
    24084500 
    26780597 
    24749654 
    26092633 
    24736462 
    28358961 
    19712594 
    18752521 
    21401909 
    19169235 
    22925843 
    17952823 
    12354124 
    29080915 
    17397923 
    25315663 
    24924911 
    23001255 
    19029957 
    26771090 
    18425911 
    16842164 
    24705851 
    12064086 
    26455977 
    20388340 
    19668726 
    27116511 
    23367753 
    19809923 
    19244026 
    26024110 
    25077529 
    24931242 
    22549057 
    27273597 
    26630316 
    26599253 
    22733165 
    21608333 
    19218994 
    18319106 
    24936941 
    23092791 
    22798045 
    20719301 
    23174399 
    25043792 
    27600893 
    25403735 
    19875087 
    11494688 
    25932561 
    16929063 
    26653034 
    20458264 
    17725273 
    22846417 
    25222003 
    26201877 
    23765682 
    23026848 
    20334075 
    22742532 
    20222906 
    27628926 
    26965012 
    26208030 
    25947396 
    18756282 
    17324216 
    19628956 
    26746013 
    25395483 
    22673975 
    19217019 
    25488348 
    24614949 
    16483659 
    20187807 
    27503396 
    27471827 
    26681198 
    25178620 
    24799173 
    22521084 
    22133986 
    27018878 
    26792945 
    21106047 
    17544776 
    19541288 
    26985797 
    25488611 
    24580084 
    21821192 
    23668679 
    26436164 
    25416399 
    26540671 
    26627044 
    22402896 
    20648087 
    26746003 
    18696094 
    16854824 
    19187826 
    17619376 
    18239678 
    27236272 
    23190926 
    25592383 
    21517972 
    20825071 
    27009515 
    18034193 
    26514244 
    23787449 
    22527326 
    19384026 
    25830698 
    26976701 
    20837814 
    23725500 
    27289179 
    16389111 
    26911396 
    27853011 
    27362858 
    26247452 
    24801651 
    24336297 
    23391744 
    17901972 
    16001382 
    20664492 
    17027972 
    16395410 
    19568365 
    18975595 
    15973626 
    21733363 
    21124251 
    28669776 
    20408100 
    18971854 
    18498548 
    26166797 
    25906633 
    17064228 
    23557322 
    19900206 
    26413794 
    22645720 
    17659977 
    24525617 
    17632299 
    18265796 
    21242860 
    26212151 
    23615342 
    23595398 
    19384761 
    24813631 
    19485301 
    19597683 
    23635665 
    28419398 
    20856170 
    20064119 
    21150231 
    17579286 
    18850569 
    16490578 
    18046922 
    18854783 
    23204807 
    22245460 
    20887243 
    27348231 
    23095768 
    22466476 
    18343940 
    24716783 
    24261289 
    22105506 
    23642378 
    26035396 
    19838710 
    28905539 
    15991765 
    19899557 
    25107900 
    19727795 
    23964873 
    18568940 
    22576827 
    18766380 
    17564934 
    24209785 
    27531355 
    26350531 
    19609550 
    26489121 
    22965611 
    22668313 
    17552389 
    25707058 
    18589387 
    22549055 
    22220269 
    17240260 
    12589452 
    25502833 
    11867606 
    26088793 
    20522334 
    27197868 
    26411092 
    24437955 
    23213279 
    25342124 
    26360382 
    25157998 
    25817172 
    24794282 
    18577646 
    25135809 
    24577742 
    29133644 
    20971791 
    28000166 
    27046391 
    25499062 
    17960440 
    18538742 
    27241619 
    28591282 
    24290801 
    18301024 
    17951897 
    17361268 
    21909658 
    27362944 
    26850583 
    21546514 
    27507298 
    24792030 
    28453165 
    24424409 
    20890885 
    20542485 
    22330964 
    25480464 
    20658459 
    24332379 
    17658373 
    26851951 
    26781585 
    26938953 
    25820576 
    22004186 
    15947805 
    27863845 
    20430590 
    20224469 
    24003724 
    15026379 
    26084446 
    24479739 
    18723750 
    20538636 
    26044487 
    27258671 
    24836866 
    17923555 
    27680013 
    26501146 
    25433417 
    22546998 
    28375791 
    25646033 
    25325851 
    26540259 
    26548254 
    25289657 
    26802717 
    22638940 
    27124322 
    21597485 
    21038080 
    20142553 
    20054410 
    26398695 
    17951896 
    20237737 
    20053392 
    26424177 
    24530651 
    21721271 
    20531142 
    20578202 
    15369682 
    19902395 
    26634711 
    18156376 
    27463625 
    19927267 
    25271911 
    22838951 
    20700800 
    20339391 
    26841211 
    23036551 
    27718374 
    20890777 
    23075629 
    20452027 
    18059506 
    20887240 
    20609706 
    18547278 
    28704825 
    27716253 
    23485959 
    27336229 
    26951107 
    17511757 
    23343948 
    20424851 
    17984175 
    24860863 
    22339794 
    20824139 
    20698831 
    26655620 
    19563370 
    25904293 
    21191716 
    24575855 
    15452380 
    24451923 
    25601535 
    28613352 
    21167436 
    28211882 
    26665553 
    23093047 
    20452090 
    18774550 
    26048209 
    20234987 
    15843677 
    27355557 
    28660277 
    20816249 
    28297035 
    21873944 
    23676221 
    24001533 
    22883856 
    28841827 
    25620678 
    23494038 
    26529048 
    22424833 
    26054473 
    27256991 
    26076059 
    25142147 
    22288232 
    25056974 
    16437522 
    26107017 
    19860769 
    17065516 
    19174400 
    21146229 
    20519677 
    26477840 
    25576666 
    20217540 
    19925520 
    19486801 
    28596285 
    27554034 
    25072060 
    24661081 
    17846963 
    26795418 
    23931489 
    25720826 
    28356444 
    23848950 
    25668709 
    23652578 
    20150927 
    28103831 
    23719398 
    20306440 
    23219506 
    18162062 
    18053911 
    17554235 
    25811288 
    25105310 
    25141904 
    24305579 
    22573410 
    20932321 
    21997355 
    22648253 
    26057755 
    24447389 
    17641716 
    28679845 
    17891013 
    27280342 
    12582462 
    18698303 
    18425070 
    27877088 
    26303770 
    26850508 
    24171809 
    21817960 
    27327284 
    26275471 
    21350573 
    20010243 
    27644589 
    26862924 
    27424008 
    19482498 
    27533774 
    17326303 
    22393532 
    19289982 
    28380099 
    26850580 
    23927080 
    27009503 
    24001549 
    23086225 
    19048271 
    26726925 
    17803438 
    28416492 
    27707549 
    23966368 
    21358461 
    19218984 
    17674018 
    28367036 
    24240557 
    27015541 
    18256841 
    26452713 
    25692914 
    20532151 
    26502311 
    21534251 
    18556978 
    27473397 
    22149640 
    19223981 
    28513493 
    26028346 
    24127749 
    19624345 
    24852439 
    27065368 
    26383186 
    24505197 
    27077329 
    25449645 
    25230402 
    25001159 
    23473589 
    27231313 
    17979032 
    27537264 
    25586104 
    24413824 
    29279654 
    25185256 
    20954324 
    21427573 
    22568102 
    23989128 
    20337606 
    27652915 
    22594510 
    24706352 
    22490079 
    22186738 
    20812499 
    28985807 
    21389740 
    20472746 
    19151652 
    24526445 
    23870812 
    28079023 
    26994110 
    23849876 
    22532011 
    18675694 
    25439614 
    24492504 
    25686058 
    20625628 
    26166799 
    24946101 
    18236368 
    19425474 
    18683094 
    21861973 
    25627089 
    18714594 
    27022967 
    29260192 
    27521672 
    25650711 
    24997182 
    22990315 
    22554238 
    19284326 
    27110092 
    25828946 
    25077528 
    18204851 
    28245970 
    25998752 
    25112536 
    24512809 
    25821585 
    28427066 
    20111971 
    20827138 
    22495066 
    20663029 
    23548723 
    19403115 
    26350229 
    18320520 
    21951567 
    28831613 
    24026146 
    20616681 
    19089562 
    19520693 
    25725263 
    25902120 
    23673531 
    21680571 
    20190181 
    28728186 
    23573802 
    20813751 
    26938579 
    25034616 
    18784625 
    15456709 
    20489737 
    25807249 
    24338200 
    22414958 
    23264328 
    27247518 
    10818676 
    23370902 
    25916281 
    20648084 
    16724865 
    24678790 
    21484630 
    20603066 
    25365937 
    23296046 
    21161239 
    20980427 
    27135211 
    22054994 
    19029163 
    17188044 
    26110597 
    17030717 
    28441077 
    25983109 
    24558597 
    26782727 
    27545866 
    23300882 
    19416108 
    18717653 
    19946027 
    24340512 
    18785540 
    26921806 
    25211039 
    17355998 
    21397813 
    27082298 
    27434498 
    20535227 
    27449643 
    19251540 
    28570723 
    25443181 
    25023760 
    23642785 
    21670337 
    20811159 
    19225818 
    26107032 
    27197870 
    28926190 
    26299718 
    21610231 
    20703037 
    19553789 
    17012258 
    27618696 
    26985834 
    22424834 
    21793759 
    20166888 
    28985220 
    21168822 
    25856821 
    27810736 
    21784206 
    26568279 
    19292858 
    22427240 
    19178391 
    18951308 
    26307399 
    23882744 
    21968167 
    25131244 
    16508427 
    19019935 
    20656351 
    25359290 
    20554607 
    27523614 
    25162313 
    21055812 
    26802714 
    23642780 
    21350277 
    22139615 
    28291194 
    26599244 
    25646102 
    21124254 
    23411901 
    21878851 
    18936721 
    18779720 
    19769866 
    22354219 
    21705938 
    23716627 
    27617537 
    23510037 
    25650710 
    25627086 
    20680097 
    28152140 
    27977842 
    22333861 
    23436196 
    25867596 
    25319441 
    19954371 
    24205253 
    25887628 
    18781307 
    25359289 
    26398691 
    25590968 
    24675391 
    23946637 
    23453513 
    22825407 
    26515015 
    22517122 
    19594565 
    24393349 
    26481821 
    23792486 
    23372384 
    22446028 
    19927266 
    19951598 
    20858114 
    11193943 
    22465819 
    23873901 
    19357559 
    18203101 
    23077229 
    28527040 
    28902334 
    26583309 
    24599418 
    24723615 
    26866527 
    26200510 
    26861462 
    25902113 
    24236467 
    21222552 
    26747766 
    18698298 
    17003454 
    25422886 
    26927930 
    27369111 
    20966825 
    19195173 
    18320527 
    24278988 
    25089351 
    19706015 
    19091853 
    26735563 
    18536949 
    27769324 
    27341664 
    24359591 
    23400079 
    22323484 
    21318335 
    18636265 
    21191718 
    22374153 
    19734760 
    22056402 
    22382503 
    26043706 
    22965590 
    21983248 
    25105318 
    17313405 
    17021318 
    27375068 
    23256807 
    26870802 
    18535595 
    25322754 
    28898873 
    26096379 
    19404661 
    19167602 
    17317397 
    24001532 
    24278989 
    15770779 
    17396701 
    25688486 
    22609274 
    22551738 
    20416952 
    18417840 
    19700195 
    26939558 
    16763865 
    28029445 
    24862773 
    27424975 
    15961063 
    24409939 
    24915254 
    27145784 
    23210344 
    24075429 
    27183549 
    23492942 
    21348964 
    27898414 
    21791509 
    18711282 
    17891015 
    26951552 
    17401618 
    25925044 
    25766585 
    22922844 
    22399690 
    20711086 
    28301639 
    18222195 
    26747252 
    29188462 
    27494692 
    27061911 
    26991646 
    26467914 
    24924442 
    24771185 
    24104704 
    22512984 
    21700115 
    20865421 
    18537702 
    19516114 
    18464178 
    17057166 
    23055673 
    27729757 
    26222567 
    18695773 
    22460096 
    22232487 
    27759581 
    23480269 
    24610632 
    22801846 
    22173075 
    26411831 
    22044337 
    20937739 
    21268815 
    22304024 
    22594924 
    23430681 
    21988318 
    21187730 
    22595908 
    25547525 
    20845250 
    19410953 
    18780651 
    17317399 
    25905984 
    28712657 
    22269605 
    27465105 
    23582991 
    19900204 
    23242589 
    25193672 
    19289984 
    28366074 
    27482641 
    26957834 
    25006692 
    17567661 
    20508510 
    27766582 
    23362796 
    17524771 
    17097190 
    17060799 
    25756339 
    27409464 
    20464787 
    24696051 
    16603955 
    26501397 
    25651450 
    26148802 
    27417506 
    19321472 
    27000269 
    23642783 
    18050131 
    19584653 
    15161830 
    21668787 
    23746130 
    27027523 
    21470386 
    19556214 
    25011025 
    20379211 
    19668384 
    22491395 
    20574019 
    18617755 
    18667951 
    23464520 
    26090898 
    21720153 
    27613201 
    22495357 
    19898177 
    19023226 
    26529038 
    21170652 
    23455233 
    22408217 
    27860530 
    20558421 
    27380430 
    20104938 
    25397779 
    23813109 
    18843500 
    26558192 
    25234795 
    24618706 
    23640509 
    11672877 
    24979237 
    24211865 
    18577190 
    16524319 
    22042133 
    24961698 
    25749297 
    24950911 
    21545354 
    22269064 
    25769965 
    25634529 
    21336068 
    22872673 
    21312012 
    20021287 
    25856817 
    20052821 
    15133229 
    16914470 
    25923955 
    22539192 
    18642209 
    27609025 
    27248205 
    21328174 
    22621684 
    26112059 
    25700258 
    20703030 
    20616679 
    26635457 
    19883861 
    26391465 
    24175641 
    28445077 
    16170134 
    26318959 
    21117608 
    20540377 
    14763283 
    18035187 
    12032713 
    27153189 
    21191717 
    25581639 
    23023526 
    21986085 
    21232080 
    18617903 
    26846851 
    23021093 
    24314839 
    20408066 
    19430731 
    19679174 
    28499055 
    24828198 
    19789606 
    28241308 
    19897019 
    26985802 
    25673251 
    25229129 
    23851632 
    18658188 
    24354262 
    20046685 
    28574419 
    25079064 
    22452699 
    21141078 
    21817959 
    27503394 
    25284099 
    26035510 
    25870079 
    26865800 
    25042729 
    25503456 
    23093314 
    19925526 
    19700194 
    17891004 
    23744293 
    25208859 
    26114491 
    28924419 
    25749721 
    25474585 
    22405048 
    21437845 
    18849638 
    17363924 
    26161712 
    23769197 
    17728549 
    25055214 
    27857239 
    22988719 
    18050129 
    26335912 
    26398858 
    26314897 
    21208163 
    21091013 
    18988166 
    18005633 
    21091938 
    19896188 
    17109611 
    17270674 
    23362390 
    20182882 
    17011951 
    22708753 
    26832628 
    24113663 
    20130723 
    22410571 
    22220397 
    18641588 
    20966975 
    18455144 
    23112570 
    17949673 
    20936526 
    23046435 
    18705681 
    17306753 
    28432109 
    27367620 
    19123166 
    24874746 
    24854579 
    21220639 
    26716954 
    23292926 
    21853949 
    19717337 
    18509668 
    27965262 
    21947806 
    20954648 
    20401569 
    25533679 
    20019764 
    18631326 
    16951216 
    16218438 
    24768239 
    20887245 
    26992841 
    26401896 
    26661582 
    18408176 
    23473090 
    22938515 
    21490696 
    23038609 
    24234427 
    27124881 
    25033948 
    21358457 
    25320460 
    20212208 
    18698297 
    17284939 
    22212972 
    24434664 
    18801766 
    27236560 
    22538218 
    19763601 
    25945532 
    24165224 
    18050132 
    25703467 
    18220500 
    23644986 
    19592101 
    26951770 
    24939512 
    20175270 
    19278477 
    22891390 
    15582099 
    26147016 
    27755380 
    24096884 
    28195619 
    19726427 
    20839668 
    26996339 
    19696701 
    26987205 
    20706646 
    24319688 
    26272443 
    25023147 
    23860798 
    17240259 
    23446656 
    25196766 
    28302534 
    29017506 
    24558482 
    23698213 
    25976643 
    17659961 
    27535819 
    18046248 
    19272333 
    18208562 
    26349151 
    26267678 
    24453930 
    21799465 
    16767199 
    24339679 
    23470789 
    22053565 
    17031300 
    23400082 
    17259997 
    22989079 
    15885778 
    21484631 
    19900208 
    26749347 
    27768792 
    24809388 
    23513916 
    17659955 
    25012926 
    21655051 
    22994114 
    28529319 
    16817567 
    28726562 
    28971633 
    25670501 
    29220371 
    20827921 
    23769784 
    18046223 
    25042819 
    25501802 
    23079757 
    22466469 
    26197958 
    27142805 
    28197794 
    20167554 
    27445070 
    19916212 
    19584652 
    19486799 
    21943108 
    18425062 
    18189152 
    20622775 
    17157142 
    23064427 
    23844861 
    24040506 
    20887247 
    23943132 
    25207945 
    27863843 
    20628418 
    25318186 
    20798693 
    17420696 
    22159011 
    24635444 
    18435343 
    21137476 
    26031317 
    21486393 
    26957836 
    26451092 
    27707550 
    19692371 
    27545047 
    20702430 
    19456253 
    23302238 
    22618591 
    23647578 
    26239466 
    22560422 
    17601432 
    27625164 
    22661474 
    28796997 
    27173745 
    17585312 
    19951601 
    17317395 
    22938703 
    27382246 
    21716165 
    25745762 
    27556909 
    19712924 
    22645747 
    23009891 
    17891059 
    27010078 
    19597121 
    17334745 
    23889803 
    22907147 
    22264958 
    19879018 
    25333243 
    24953791 
    24157918 
    28718549 
    22587573 
    24001550 
    21168057 
    24698606 
    19669150 
    19168893 
    18989340 
    26824524 
    18369083 
    26951234 
    24093186 
    23317655 
    20307035 
    25488124 
    19415738 
    22150050 
    19174717 
    19205502 
    21948934 
    24044707 
    26227834 
    16787141 
    21928264 
    16763861 
    25834024 
    23644560 
    17804928 
    21293163 
    27327292 
    18621796 
    27021800 
    23018424 
    18369701 
    18838410 
    25125423 
    26022642 
    19118699 
    22938516 
    16205558 
    25480718 
    28270486 
    26398694 
    22569393 
    16508440 
    24983791 
    10509667 
    26340529 
    25705695 
    20924260 
    20627987 
    20957143 
    22815647 
    27479572 
    25123226 
    28624325 
    21665504 
    17031284 
    21886019 
    24426775 
    26972376 
    20623466 
    26116264 
    22183328 
    20532518 
    21381615 
    12830391 
    27043320 
    20195045 
    18220063 
    21627546 
    17951900 
    25896459 
    24066287 
    24217293 
    23490327 
    22074677 
    18513266 
    27236451 
    28260367 
    28436035 
    26858244 
    25092480 
    24889941 
    23929309 
    18682973 
    15296845 
    18408489 
    25637179 
    16815262 
    19202423 
    26949134 
    27890437 
    25037243 
    24460708 
    23830760 
    23084240 
    20232077 
    24217192 
    27200183 
    20804843 
    19112862 
    25869865 
    21913147 
    26681392 
    17430137 
    27409478 
    25791262 
    24458013 
    19494656 
    24919750 
    22824593 
    10530703 
    20142719 
    22452685 
    20879805 
    19349791 
    26057753 
    27977064 
    28379655 
    21873927 
    20670740 
    23492946 
    21153510 
    26982640 
    25941188 
    23766432 
    21310390 
    25053762 
    25871486 
    24690440 
    23047002 
    20931215 
    16639662 
    20678805 
    16832293 
    17172400 
    24684064 
    24242222 
    24077087 
    18163895 
    27768640 
    28489275 
    22508168 
    21168817 
    25498117 
    25272318 
    19898178 
    19027427 
    19253176 
    17525768 
    24221459 
    15051479 
    27179659 
    27654888 
    24365177 
    26747765 
    24374138 
    23573743 
    20458242 
    16314219 
    26529555 
    26241852 
    19797228 
    19622904 
    15881769 
    27651226 
    18653589 
    17891010 
    17369776 
    22527327 
    22333848 
    21455242 
    18988181 
    17917738 
    25976641 
    23873254 
    19678810 
    24825559 
    20453545 
    26655611 
    28005664 
    17151484 
    25107901 
    26968717 
    25497143 
    20980428 
    11772308 
    21336077 
    20012081 
    22465363 
    25306730 
    28365905 
    24002156 
    25832909 
    25372542 
    23208024 
    21952010 
    19320312 
    24529712 
    23689994 
    17240254 
    25397588 
    25809013 
    23518613 
    20375343 
    27500113 
    17912486 
    26135638 
    17628685 
    26432927 
    25807178 
    21659943 
    19648888 
    17765426 
    23264327 
    21459217 
    25841235 
    23528535 
    24748769 
    22397956 
    22073599 
    21961847 
    20678682 
    19590519 
    19761356 
    14516424 
    25984537 
    22138070 
    19806381 
    22687297 
    27270597 
    25935787 
    23786546 
    28492910 
    21232081 
    21343272 
    19906082 
    19086934 
    19606809 
    17957691 
    19308419 
    26501694 
    24890151 
    23060022 
    27221536 
    26802783 
    27145251 
    24875610 
    26882365 
    24729031 
    24667549 
    22264944 
    20847575 
    16960504 
    16513466 
    26902063 
    24037235 
    16849623 
    21860568 
    21345465 
    22553681 
    18940262 
    24695062 
    24405740 
    18054887 
    26692257 
    27048998 
    28471106 
    26957841 
    23347793 
    21853953 
    21822008 
    19875667 
    17653552 
    21320969 
    17317398 
    24211172 
    28232381 
    23178157 
    19784389 
    19285890 
    27348433 
    24990871 
    24879088 
    23348865 
    18303156 
    25633882 
    21137478 
    17310523 
    24162839 
    23972309 
    22280368 
    26669334 
    20379317 
    27213222 
    11186866 
    25072648 
    15988400 
    22999634 
    21130699 
    25438734 
    27450625 
    16678158 
    19940805 
    24296398 
    21358858 
    26107601 
    26332911 
    21817963 
    18637105 
    24140257 
    25708777 
    26783095 
    24307762 
    17957687 
    10077351 
    24612095 
    19553512 
    17270701 
    16963850 
    24018558 
    18486097 
    25383850 
    22630094 
    20127140 
    23642784 
    21400918 
    29204993 
    27791249 
    26346237 
    26198808 
    19517848 
    25773362 
    24695684 
    27759856 
    22342014 
    21928270 
    19589497 
    21609223 
    18024821 
    23453511 
    23584649 
    20609713 
    27162728 
    28491229 
    22535331 
    21336079 
    21040503 
    28718542 
    25892016 
    17354539 
    22463854 
    22642131 
    15883500 
    24280908 
    25458197 
    20816253 
    27419839 
    17925884 
    26630313 
    19099203 
    18687417 
    25901019 
    27701921 
    24204046 
    21484643 
    12140029 
    25777815 
    23761094 
    23818759 
    22891217 
    24069533 
    22030162 
    20846318 
    20029156 
    18488381 
    24261187 
    22670070 
    24973692 
    18390638 
    23539478 
    21655040 
    20549043 
    25102198 
    20142520 
    28332380 
    19916331 
    19247683 
    16508425 
    26269374 
    21819507 
    23744183 
    19199897 
    18516780 
    19965833 
    19468741 
    27627204 
    29137019 
    27433034 
    19798117 
    27694751 
    22661475 
    28971631 
    21270433 
    22134362 
    26096346 
    23807186 
    17712362 
    20450674 
    28324112 
    21350285 
    18340447 
    21996309 
    17325184 
    28393596 
    27262729 
    20885427 
    19545900 
    19376585 
    26691185 
    17114590 
    25155371 
    17934751 
    16879582 
    18566846 
    23797603 
    27285320 
    22056862 
    22517121 
    23584654 
    20946333 
    22250209 
    24362854 
    18688616 
    27085261 
    28005663 
    23508753 
    21121123 
    19893588 
    23235642 
    17328128 
    26214803 
    25376617 
    28724811 
    24061828 
    28384675 
    24184931 
    20714187 
    21982958 
    26985800 
    27192988 
    26568411 
    25190312 
    17947822 
    24272276 
    27842191 
    26655607 
    18321465 
    18667958 
    19410964 
    23153657 
    29076303 
    27588271 
    23362393 
    24777841 
    24531025 
    26337381 
    24060301 
    18600493 
    18083913 
    27739558 
    25752471 
    18953546 
    24053539 
    27348792 
    25161929 
    25601517 
    21708088 
    19085383 
    16316706 
    26529039 
    11530050 
    18465737 
    18320201 
    27286558 
    26039355 
    21400056 
    18976315 
    18362932 
    20408078 
    17458790 
    25993998 
    15994945 
    20887241 
    27918469 
    25677281 
    25719984 
    24844972 
    28127658 
    19692384 
    25573028 
    21295897 
    23591940 
    23410814 
    20543764 
    18711476 
    24756034 
    27030276 
    23430175 
    23508574 
    22288235 
    23235432 
    26431300 
    19776657 
    17998509 
    27615995 
    27488150 
    20619123 
    21245410 
    16581423 
    21395358 
    26423451 
    17531658 
    20837791 
    17564935 
    17964341 
    25902115 
    20507016 
    20184967 
    22056757 
    28776095 
    26076214 
    25925048 
    21176118 
    27079208 
    27836430 
    26731212 
    26874169 
    23224125 
    26874160 
    21609227 
    26442858 
    25684081 
    28606070 
    23331251 
    21137471 
    22180543 
    24522370 
    26054474 
    23850682 
    23385630 
    18185135 
    25325852 
    25205618 
    23948986 
    23819948 
    21979875 
    17318562 
    25657041 
    26519345 
    25559511 
    22537617 
    25784358 
    20456433 
    22932772 
    27575409 
    19515310 
    17157598 
    27364637 
    17115175 
    24534623 
    20591399 
    26756383 
    22384659 
    23781765 
    15823626 
    25528955 
    22265145 
    18930556 
    22672003 
    19898181 
    23725735 
    25265375 
    22929324 
    24552305 
    23551594 
    19137998 
    25060610 
    20939800 
    26802715 
    26666589 
    23642377 
    21999177 
    21307302 
    19854733 
    17655610 
    24993325 
    17717967 
    24242217 
    19218991 
    25933463 
    25523611 
    25930164 
    25367832 
    19898197 
    27454224 
    25574786 
    29074003 
    24571780 
    27957600 
    26057757 
    24679444 
    17290531 
    11508321 
    25901838 
    25992764 
    17605026 
    27926909 
    25997681 
    17564933 
    26871700 
    17208533 
    26673555 
    24144450 
    19422962 
    23812517 
    25825231 
    20038864 
    21283055 
    17240258 
    20221624 
    27167587 
    27046456 
    18682969 
    11927845 
    27572301 
    25768251 
    21191711 
    20163371 
    21701527 
    17031283 
    27764019 
    19934816 
    21306264 
    24906869 
    22300011 
    26445075 
    19262436 
    26441268 
    21221192 
    19321933 
    27457484 
    18752522 
    18163003 
    25902126 
    18819684 
    22527448 
    24491023 
    17576713 
    27124880 
    16815245 
    27997921 
    24771180 
    22783753 
    21586863 
    25158942 
    24739457 
    27286894 
    25627180 
    25090164 
    23241246 
    19651318 
    26851725 
    18185136 
    27449314 
    25313710 
    18923547 
    18488232 
    20730276 
    17356824 
    20827152 
    17219106 
    25257771 
    28756595 
    24903670 
    22350060 
    26950104 
    23496400 
    27997511 
    17965104 
    26667262 
    20407785 
    26364363 
    23934823 
    11818397 
    25770144 
    25932549 
    21964851 
    22776935 
    26691034 
    21704964 
    17426265 
    25787216 
    16987895 
    25662794 
    16794439 
    21272288 
    20733019 
    27434329 
    22374154 
    21153509 
    27457470 
    26109209 
    20870640 
    26564668 
    23518900 
    19515340 
    23462751 
    25100914 
    26133059 
    19333709 
    27163237 
    26689274 
    23745581 
    28365240 
    23737469 
    17290194 
    27225268 
    25740806 
    23219069 
    26458482 
    26493032 
    18179676 
    18397666 
    23403388 
    26166801 
    27636226 
    27632215 
    19516116 
    24210931 
    22481479 
    25737631 
    18937807 
    20689207 
    23065017 
    20196722 
    25572584 
    23255086 
    17585313 
    21893972 
    16156153 
    15926872 
    17512238 
    27637784 
    25822255 
    22989051 
    20539256 
    7537655 
    26523670 
    26755642 
    25913443 
    17385118 
    22785537 
    22450223 
    20349399 
    22569382 
    21483263 
    24256894 
    21658790 
    26149170 
    25037010 
    17363060 
    26685479 
    16136393 
    28228411 
    27920521 
    28834299 
    25709773 
    27085265 
    26284546 
    23901669 
    23349430 
    20565320 
    17021315 
    18251450 
    25308787 
    24513360 
    19427988 
    22783749 
    26305529 
    26457400 
    16989023 
    17671950 
    26802713 
    19287286 
    27654837 
    24762585 
    18721250 
    17298199 
    27128510 
    17657689 
    23860781 
    26845866 
    23538578 
    20535478 
    21047702 
    21283169 
    21881842 
    21283157 
    22452678 
    21664593 
    25444681 
    27714513 
    24342019 
    20452098 
    23392840 
    18535608 
    26350530 
    21158586 
    20930857 
    24135557 
    19789612 
    26394133 
    26764892 
    17431015 
    26912377 
    23440797 
    25058694 
    18703055 
    23400081 
    18040264 
    19112870 
    29089307 
    25774961 
    18321466 
    18078062 
    27494343 
    28933517 
    28252875 
    19815292 
    20856171 
    17420693 
    20937996 
    24790885 
    26671015 
    23870300 
    20189654 
    19308441 
    28724817 
    22990322 
    22496000 
    21586852 
    16544440 
    29211782 
    24357842 
    20510150 
    27796671 
    17433023 
    26934261 
    25510821 
    24846624 
    22081670 
    23712192 
    21853221 
    23581613 
    22661650 
    22174095 
    26050541 
    21947371 
    23419295 
    19485959 
    27631479 
    19169227 
    25627088 
    18463510 
    21861975 
    21279982 
    28913999 
    24362413 
    23497847 
    22752625 
    20038860 
    25902122 
    23011000 
    21529957 
    20962354 
    20887246 
    20179959 
    19266466 
    21830745 
    26802716 
    26516125 
    25015215 
    26113500 
    20865030 
    22122463 
    27905346 
    24084496 
    27744444 
    17333238 
    25526099 
    17301310 
    18463511 
    27220703 
    20571805 
    24884970 
    18782335 
    21997197 
    23642782 
    26999944 
    20210371 
    27255691 
    25777816 
    28427069 
    22669848 
    19584649 
    22012651 
    17951923 
    27617539 
    25703469 
    21151600 
    17509689 
    22537269 
    19900197 
    18498977 
    16870653 
    24949820 
    18545937 
    25001321 
    22688863 
    22818800 
    22203375 
    20220430 
    26240506 
    25200895 
    19406737 
    18523097 
    27073207 
    20804672 
    18314407 
    20539255 
    17006681 
    25166271 
    23870813 
    20139298 
    19738392 
    17324701 
    19640339 
    17701197 
    27624173 
    26449196 
    24871814 
    25372205 
    23381655 
    27881184 
    22023817 
    22702841 
    20616693 
    19551679 
    18929163 
    24517498 
    28798980 
    23572022 
    19427991 
    18040242 
    21336065 
    17621178 
    21772985 
    21282580 
    19678811 
    10983629 
    21726427 
    23380436 
    29133669 
    22466461 
    21469967 
    19934818 
    18412603 
    24334449 
    20204659 
    18795314 
    24801396 
    24668132 
    22222268 
    17151485 
    25042850 
    18708258 
    17083556 
    18044031 
    25708506 
    26273198 
    25228121 
    26439641 
    26777415 
    26110596 
    23882733 
    21775926 
    18354841 
    24424249 
    21383943 
    19854210 
    26246285 
    23204795 
    20297641 
    16564819 
    23830845 
    17543940 
    25196907 
    23222391 
    22044335 
    21307880 
    25372202 
    20346835 
    19184312 
    17964346 
    22825802 
    28005721 
    19634749 
    26491243 
    24271025 
    20175274 
    19878815 
    26200511 
    26222568 
    23977149 
    12840058 
    22495327 
    26541114 
    22913866 
    26953034 
    23661367 
    22898648 
    21856691 
    19786957 
    24699166 
    17289688 
    26073051 
    24376538 
    20887242 
    20102347 
    26383709 
    27865764 
    21387180 
    19029158 
    24684060 
    27127016 
    25714535 
    17392871 
    19643484 
    15161431 
    10720919 
    18356265 
    26850582 
    18541841 
    19817333 
    26261232 
    27272633 
    29183041 
    25758545 
    28538392 
    26289356 
    26417626 
    28188433 
    25385381 
    23903791 
    28402983 
    25244301 
    23306179 
    22503301 
    25925043 
    21633808 
    21212126 
    23661541 
    23449716 
    29106914 
    25401265 
    19651322 
    25658176 
    23222389 
    24113783 
    22848690 
    23222393 
    21953300 
    22581049 
    22136692 
    18041670 
    16433596 
    25680245 
    27769325 
    23503338 
    21151333 
    16052168 
    27049000 
    27115853 
    10398599 
    16858443 
    23867878 
    27447133 
    23023528 
    27173834 
    21913440 
    18768564 
    21693608 
    24474382 
    28422832 
    27085258 
    26448204 
    21149773 
    19683147 
    16980641 
    20346827 
    21170547 
    15235573 
    28551163 
    27209895 
    19404665 
    22138687 
    22150051 
    20890244 
    23918094 
    21715011 
    25635578 
    24659860 
    24360342 
    22677359 
    19262441 
    27115855 
    29020423 
    22554558 
    18936715 
    28724829 
    26902569 
    19210330 
    19466682 
    23560946 
    24033986 
    26021870 
    25683321 
    25062440 
    26498270 
    25960682 
    28796876 
    22739239 
    28002601 
    18641836 
    25881212 
    26731213 
    27787443 
    26789120 
    20662658 
    27154721 
    19157562 
    19088494 
    26021869 
    19273471 
    19101187 
    20576774 
    25695948 
    20930754 
    19498454 
    27203434 
    28886052 
    26655619 
    17951898 
    18020962 
    18497829 
    26444725 
    25828793 
    26222565 
    24933041 
    21550687 
    18484796 
    22778290 
    26166803 
    28379652 
    27320059 
    22718152 
    27340738 
    25721520 
    28493086 
    25707055 
    19430285 
    19197318 
    17061236 
    19211094 
    24403566 
    26167478 
    28656342 
    25961835 
    22573655 
    19174397 
    23260261 
    16856623 
    27997513 
    22132316 
    28579062 
    24789465 
    22446886 
    27759863 
    25277305 
    26520410 
    23283201 
    22142159 
    23510034 
    20683380 
    17634860 
    12411002 
    26457037 
    22967867 
    26026469 
    22915037 
    23022164 
    22516155 
    19443462 
    22738116 
    18299845 
    28601887 
    26008915 
    25597703 
    19417570 
    24010796 
    26871657 
    24833740 
    19536305 
    18772818 
    25830697 
    22146127 
    17420694 
    26957837 
    20666680 
    16741710 
    16013991 
    17021319 
    15625332 
    16785756 
    26597866 
    21609221 
    23137662 
    28881344 
    26150052 
    21251500 
    22153634 
    21271253 
    19390227 
    23380435 
    22541932 
    23891335 
    24263379 
    24013651 
    26540281 
    25890624 
    22033297 
    27293138 
    17060800 
    26967930 
    21631680 
    26522708 
    19860774 
    21959681 
    27030277 
    25397780 
    23099493 
    17011869 
    25769245 
    24861045 
    22297028 
    24866589 
    20565318 
    25131225 
    22128103 
    25896317 
    29204996 
    25224545 
    20703033 
    24793528 
    17908464 
    17011860 
    25103650 
    23842101 
    23334618 
    17672180 
    28346545 
    26501828 
    26959125 
    21705087 
    26604673 
    20163368 
    24952275 
    19484443 
    26847213 
    28334720 
    26498642 
    25276080 
    25882175 
    25882328 
    22331147 
    23174752 
    22794170 
    25856820 
    18268209 
    17564719 
    14644721 
    24506098 
    20015098 
    26139820 
    26857947 
    18708261 
    27533737 
    27213803 
    25902119 
    21738089 
    21317425 
    18930553 
    17136357 
    17083555 
    18454378 
    19123170 
    29089330 
    23292928 
    19516009 
    26957838 
    24171832 
    25034111 
    28144918 
    17419956 
    16490490 
    20597042 
    19412873 
    23766636 
    18685542 
    17244204 
    20160463 
    25313712 
    23131717 
    19333706 
    28178701 
    21546780 
    22008393 
    25975823 
    18619571 
    26501802 
    25170857 
    23143450 
    25064723 
    17564926 
    26868005 
    27644469 
    24609624 
    23145863 
    24326106 
    25927243 
    22832030 
    19883862 
    26914218 
    25387353 
    21075650 
    26431823 
    22624796 
    19730802 
    19553794 
    19166716 
    23757782 
    23584689 
    21661172 
    27478353 
    19701644 
    26949117 
    27318076 
    28112132 
    26451693 
    24332373 
    23757794 
    21244102 
    20453011 
    19934817 
    26016605 
    21610563 
    21484465 
    24459458 
    20921929 
    16652370 
    23510045 
    17365799 
    24711658 
    18782803 
    21738387 
    20719300 
    23764967 
    19734761 
    23604514 
    24581193 
    23285156 
    19660661 
    17420692 
    24879948 
    22071973 
    27115856 
    25824327 
    25680619 
    22148982 
    20140695 
    25251842 
    19996828 
    16458968 
    23640384 
    25062438 
    23415775 
    25016478 
    25037009 
    19784394 
    17951904 
    20386100 
    11133872 
    28436640 
    19560206 
    20103036 
    22871086 
    27929753 
    19621235 
    18627339 
    24129822 
    17914929 
    17176695 
    26102440 
    20827155 
    17083553 
    26056030 
    21617959 
    19433709 
    18211925 
    26541435 
    26044469 
    27600440 
    26455980 
    21317833 
    17486024 
    22101497 
    27330464 
    28641290 
    24838559 
    19378629 
    29212481 
    26094833 
    21137477 
    17998507 
    18779502 
    25372539 
    25472810 
    24451141 
    23190105 
    17658379 
    26325418 
    27409826 
    21823985 
    23341606 
    24574826 
    21051733 
    27928695 
    19818262 
    21284527 
    18788102 
    20532523 
    17133346 
    27151934 
    25171753 
    19255158 
    26985798 
    27061020 
    27031843 
    24325973 
    22059904 
    27028354 
    25531168 
    20139916 
    20378094 
    12778170 
    26449193 
    26686967 
    25383854 
    19696805 
    20008710 
