Topic: CD012930 

Title: Once daily long‐acting beta2‐agonists and long‐acting muscarinic antagonists in a combined inhaler versus placebo for chronic obstructive pulmonary disease 

Query: 
Lung Diseases, Obstructive/
 exp Pulmonary Disease, Chronic Obstructive/
 emphysema$.mp.
 (chronic$ adj3 bronchiti$).mp.
 (obstruct$ adj3 (pulmonary or lung$ or airway$ or airflow$ or bronch$ or respirat$)).mp.
 COPD.mp.
 COAD.mp.
 COBD.mp.
 AECB.mp.
 or/1-9
 exp "clinical trial [publication type]"/
 (randomised or randomised).ab,.
 placebo.ab,ti.
 dt.fs.
 randomly.ab,ti.
 trial.ab,ti.
 groups.ab,ti.
 or/11-77
 Animals/
 Humans/
 19 not (19 and 20)
 18 not 21
 10 and 22
limit 23 to ED=19460101-20181203 

Pids: 
    24085591 
    20477569 
    19431081 
    23245993 
    23566013 
    26917956 
    26536044 
    20705441 
    29062229 
    30045724 
    24346825 
    24802656 
    21194604 
    17702532 
    25773742 
    22192866 
    25547422 
    27017081 
    25446566 
    26739997 
    28115838 
    26923629 
    25843089 
    29120273 
    23306410 
    28235977 
    20332199 
    22791991 
    21702714 
    24835833 
    27402142 
    27820743 
    27354818 
    22500119 
    27354040 
    26794033 
    22419862 
    26401729 
    24882396 
    24489464 
    25699181 
    28578989 
    27304394 
    23835953 
    26695682 
    29062228 
    27574416 
    25471458 
    24556877 
    23434446 
    21235463 
    29605098 
    22151296 
    28293106 
    25020273 
    15182210 
    22963554 
    19229704 
    29115881 
    29138547 
    29432585 
    28716723 
    27109805 
    24156566 
    27049057 
    29670345 
    24107524 
    25252903 
    24385182 
    15934804 
    23219347 
    18403672 
    16701668 
    28694697 
    27148815 
    22963553 
    21942252 
    28008243 
    25515181 
    25210450 
    25071369 
    23875741 
    19710368 
    18457992 
    28821260 
    20678680 
    16354878 
    20418370 
    27202045 
    28618875 
    26236136 
    26428357 
    27843306 
    22213116 
    29705783 
    28670116 
    22500120 
    28226405 
    26666800 
    24429211 
    23914352 
    25565796 
    20843166 
    24534204 
    26848262 
    27920512 
    27916620 
    28579771 
    27585384 
    28334727 
    29019170 
    25774769 
    27621610 
    26394882 
    26329916 
    27254953 
    25897208 
    28496316 
    23687444 
    24669829 
    29153415 
    27579650 
    26782971 
    24392807 
    25653503 
    23856511 
    26715844 
    29716427 
    19103479 
    28720676 
    21628603 
    26583607 
    25573406 
    25673975 
    28801320 
    22611179 
    22366196 
    23569370 
    28410560 
    25609940 
    26372465 
    26527869 
    22383666 
    27886854 
    25691493 
    23737515 
    29705782 
    27109822 
    26233481 
    26366803 
    25452426 
    28284212 
    26370136 
    28832630 
    26622176 
    28814858 
    27075841 
    25462534 
    25018629 
    27796912 
    23685545 
    26908999 
    28652725 
    22003293 
    22035851 
    26532808 
    25114521 
    27046366 
    26117292 
    17056241 
    26799347 
    28610667 
    27536432 
    24696868 
    25061288 
    29255354 
    26490732 
    23651244 
    25027304 
    25609985 
    24032416 
    28594587 
    29386889 
    25756831 
    24532124 
    23515335 
    23340058 
    25398674 
    18479895 
    27692151 
    23967106 
    19653626 
    28442899 
    26883661 
    20416390 
    28677404 
    27202059 
    26491281 
    16537846 
    22836613 
    29925383 
    28558833 
    28775071 
    25775100 
    24922602 
    14718448 
    27785010 
    25677679 
    29094315 
    21166630 
    27254952 
    28757318 
    26549785 
    24438744 
    25051662 
    26244017 
    28821412 
    28281043 
    21957094 
    22250038 
    25364503 
    25598422 
    25458157 
    27044576 
    29477448 
    21487451 
    29200840 
    21785813 
    18480105 
    26028626 
    26683033 
    26937187 
    24736248 
    27621608 
    27452453 
    26604738 
    15253682 
    24429003 
    27254954 
    25778847 
    26546746 
    26286141 
    23867808 
    28721035 
    25003907 
    26294073 
    26491494 
    18700693 
    25756065 
    26303336 
    26193803 
    25176969 
    29851792 
    28185242 
    28993871 
    21764277 
    24952426 
    24635848 
    29180850 
    19953349 
    23232006 
    28443352 
    19286423 
    26929634 
    26404912 
    22222945 
    27672337 
    19059958 
    25222881 
    27038359 
    23055716 
    18035867 
    26159701 
    25382021 
    25063267 
    18270687 
    27274218 
    25280934 
    25597386 
    23409722 
    26814721 
    29370819 
    28537001 
    22748747 
    25816315 
    28176893 
    24152210 
    27418551 
    26082625 
    20093184 
    26924197 
    27143334 
    24283778 
    26798035 
    23264836 
    21080743 
    20920365 
    24429126 
    20854047 
    20471237 
    25587755 
    24429209 
    26604734 
    18829252 
    19644045 
    29741108 
    25796962 
    28203071 
    18258423 
    29913467 
    28654201 
    27992923 
    28947022 
    29228950 
    22726538 
    21504240 
    26196545 
    26109853 
    24669382 
    24741321 
    26031392 
    23978643 
    14643169 
    24321804 
    28427541 
    29178871 
    25386474 
    23722616 
    29668352 
    23026438 
    22419863 
    19683590 
    27138024 
    28965921 
    21622587 
    20642373 
    24176997 
    20362689 
    28385353 
    29429593 
    28228162 
    22562275 
    20047505 
    23534447 
    29692607 
    27715335 
    27830584 
    27579649 
    26112656 
    28154373 
    25801643 
    28527920 
    28360514 
    21518460 
    24084072 
    23922496 
    27442618 
    24669177 
    23269884 
    26135360 
    18686730 
    22217233 
    27013871 
    20525722 
    26451734 
    25315616 
    24159259 
    22497752 
    27084728 
    21397482 
    20868661 
    28744115 
    20044242 
    28694698 
    26124657 
    23386787 
    21288057 
    24393134 
    28100244 
    22955035 
    24596459 
    28389258 
    28134225 
    27920517 
    25609942 
    25848244 
    26229457 
    26298024 
    23506208 
    24093477 
    28719697 
    28814857 
    27578968 
    23075544 
    29705784 
    23744364 
    26504398 
    14606301 
    29750027 
    29606861 
    26532807 
    29263660 
    27334739 
    28392684 
    29951734 
    26177074 
    21942463 
    26655798 
    26792987 
    21509737 
    29785104 
    23118536 
    25285002 
    24158691 
    27981495 
    29503539 
    22003291 
    19451700 
    22329914 
    19624783 
    27405723 
    26797016 
    24529390 
    24040847 
    26770231 
    21660299 
    16055868 
    23752057 
    24903947 
    21903737 
    24756395 
    28729041 
    18760583 
    20035022 
    28633665 
    28860739 
    20463178 
    26006754 
    25307414 
    15699783 
    26158649 
    15902378 
    22972134 
    24986094 
    26689766 
    22732017 
    23818799 
    26343937 
    24353411 
    26235837 
    21542237 
    19863370 
    28754132 
    23031496 
    26089659 
    25445929 
    29265705 
    28482883 
    23575603 
    28406326 
    27114705 
    28993264 
    27817811 
    29079130 
    23962341 
    26490945 
    16337781 
    23700381 
    20411368 
    16626956 
    25015176 
    29654555 
    27552524 
    26320402 
    28274527 
    21814459 
    25743376 
    28057707 
    23978116 
    20573081 
    29985096 
    29705779 
    28061907 
    29271268 
    25800115 
    24671923 
    21034447 
    24945236 
    28973232 
    23830094 
    23472632 
    25956072 
    26082629 
    26451101 
    27993292 
    26211886 
    25502134 
    23991316 
    24143077 
    22583463 
    26503392 
    28383865 
    17315055 
    25135743 
    28108685 
    27390702 
    27703341 
    26124653 
    20080201 
    27932872 
    29237699 
    27545060 
    23990727 
    27579647 
    25799171 
    28875459 
    22275272 
    26730183 
    29705781 
    25243340 
    23217058 
    25404569 
    25234126 
    25848294 
    27516088 
    26532803 
    24409359 
    20381630 
    21138499 
    20639653 
    25629143 
    28139131 
    24506933 
    20201731 
    28424359 
    27445468 
    27316465 
    26392761 
    26676161 
    26094050 
    27217742 
    22544891 
    27819513 
    22356291 
    27109816 
    20019615 
    19651504 
    27825347 
    20861599 
    26316169 
    25754060 
    18804362 
    23060624 
    28631387 
    27621614 
    23251766 
    29506504 
    28031707 
    19208459 
    20970351 
    28096283 
    27215502 
    21548196 
    19537837 
    27927039 
    28383836 
    28340861 
    27181606 
    24708031 
    25180802 
    24569129 
    30461600 
    22854200 
    28889106 
    29084188 
    25754881 
    25727846 
    22659487 
    28115839 
    24604791 
    16113424 
    27492833 
    29096627 
    29763411 
    18604231 
    22440430 
    28280319 
    28340862 
    26586940 
    27209586 
    21400948 
    25058845 
    26692823 
    28566230 
    26758884 
    28720132 
    26293997 
    29650761 
    26001185 
    29713156 
    21227674 
    21144724 
    25539654 
    24837158 
    25418284 
    27922741 
    20649375 
    29972656 
    29605624 
    19478135 
    28278391 
    26366068 
    27808096 
    26109098 
    20659577 
    24185438 
    24432032 
    24947493 
    21719531 
    10188785 
    25960646 
    25342898 
    21737553 
    25798635 
    21183326 
    17399972 
    25702425 
    30188035 
    27296819 
    20714376 
    27301417 
    19592595 
    23971870 
    25880660 
    22788943 
    27592021 
    20496300 
    27539612 
    28947047 
    28008244 
    23529714 
    23811074 
    27354782 
    24878543 
    15823447 
    27613392 
    29317812 
    25377687 
    28004591 
    25841237 
    27202003 
    26572740 
    27103797 
    25445928 
    24953015 
    23835951 
    20978028 
    27022659 
    25609944 
    25445930 
    29116901 
    21762787 
    28684905 
    29026296 
    29202767 
    27103795 
    20541381 
    28101900 
    26893551 
    24004659 
    25294211 
    26531927 
    16534180 
    29705778 
    27223863 
    15350163 
    22316354 
    27159613 
    29551894 
    28883722 
    28077140 
    16944859 
    23641160 
    27812637 
    29670344 
    28919143 
    29417739 
    27216032 
    24909949 
    24729699 
    26026369 
    25586493 
    24082783 
    28745522 
    27380949 
    22111532 
    24247039 
    27579648 
    22973092 
    26532806 
    24895108 
    22513969 
    24043936 
    21954512 
    20580216 
    24928173 
    23748050 
    23916502 
    21397483 
    25312239 
    29987243 
    24797899 
    25183687 
    25254928 
    20459831 
    25212789 
    25091780 
    20496301 
    27143870 
    27028749 
    15350154 
    24461613 
    23284643 
    26648711 
    26789695 
    18957624 
    19436693 
    23553509 
    26566015 
    26746383 
    27598678 
    21511677 
    25563342 
    28196638 
    19466267 
    26194213 
    27576232 
    30141826 
    28375647 
    29110790 
