Topic: CD010019 

Title: Outpatient versus inpatient treatment for acute pulmonary embolism 

Query: 
THROMBOSIS/ 
THROMBOEMBOLISM/ 
Venous Thromboembolism/ 
exp Venous Thrombosis/ 
(thrombus* or thrombotic* or thrombolic* or thromboemboli* or thrombos* or embol*).ti,ab. 
exp Pulmonary Embolism/ 
(PE or DVT or VTE).ti,ab. 
((vein* or ven*) adj thromb*).ti,ab. 
(blood adj3 clot*).ti,ab. 
or/1-9 
exp OUTPATIENTS/ 
exp Patient Care/ 
exp Ambulatory Care/ 
exp Home Nursing/ 
exp Outpatient Clinics, Hospital/ 
in-patient.ti,ab. 
inpatient.ti,ab. 
bed-ridden.ti,ab. 
exp INPATIENTS/ 
Home Nursing/ 
Outpatient Clinics, Hospital/ 
in-patient.ti,ab. 
Inpatient*.ti,ab. 
bed-ridden.ti,ab. 
out-patient.ti,ab. 
outpatient.ti,ab. 
ambulatory*.ti,ab. 
domicil*.ti,ab. 
or/11-28 
randomized controlled trial.pt. 
controlled clinical trial.pt. 
randomized.ab. 
placebo.ab. 
drug therapy.fs. 
randomly.ab. 
trial.ab. 
groups.ab. 
or/30-37 
(2017* or 2018*).ed. 
10 and 29 and 38 and 39 
limit 40 to ED=19460101-20180326 

Pids: 
    28193282 
    27871515 
    27636933 
    28374695 
    27118224 
    28175976 
    26948766 
    29092982 
    28261848 
    28421779 
    27671102 
    27493092 
    27514629 
    29169470 
    28592075 
    28068786 
    26368297 
    28139563 
    27260581 
    26966028 
    28511151 
    27546767 
    27066730 
    27211561 
    28212919 
    28525705 
    28091482 
    27914153 
    28429658 
    27384172 
    27890683 
    27757790 
    28595862 
    27260196 
    27095779 
    28098476 
    27487187 
    28745667 
    28874129 
    28874432 
    28137546 
    27491278 
    28132743 
    27723695 
    27496422 
    27554947 
    28093420 
    27568318 
    27708469 
    28139566 
    27876742 
    27981915 
    26520693 
    27978842 
    27449445 
    28410248 
    27894845 
    27376230 
    28182804 
    28794370 
    28432160 
    27547945 
    27818120 
    28327887 
    28480651 
    27984007 
    27633687 
    27475789 
    27627817 
    26307106 
    26824722 
    26980086 
    27253153 
    28546755 
    26525305 
    28631676 
    28426451 
    27377690 
    28092320 
    27779985 
    28244907 
    26140745 
    28687262 
    27487753 
    27652368 
    27723696 
    28914835 
    27926675 
    26779855 
    26779849 
    27021851 
    25641349 
    26786028 
    27382265 
    28190568 
    26951931 
    27020121 
    28594808 
    27889688 
    27998897 
    28790002 
    28296760 
    29072654 
    27876719 
    26877111 
    27118495 
    28213669 
    28514343 
    28209951 
    27648553 
    28679182 
    27590185 
    26674352 
    27289185 
    27793183 
    26123057 
    26420063 
    26443443 
    27074566 
    28692467 
    27540884 
    27765053 
    27087277 
    28884719 
    28766537 
    26333628 
    26813243 
    28848224 
    28802512 
    27628009 
    26692120 
    27909125 
    26773547 
    26202532 
    26879545 
    26408993 
    28594806 
    27789547 
    27657546 
    27428256 
    27943112 
    28617144 
    27258997 
    28351388 
    28391560 
    27459611 
    28029328 
    28882336 
    27537737 
    27113941 
    28432023 
    27623272 
    27723699 
    29210185 
    28069106 
    27751675 
    27245485 
    26857421 
    28617400 
    28074294 
    28139555 
    27913236 
    26614123 
    28170360 
    27317900 
    28574054 
    27010343 
    28529266 
    27554689 
    27389248 
    28511582 
    27671456 
    28028830 
    27566503 
    27917793 
    27179770 
    28377396 
    27301386 
    27245329 
    28977204 
    27798910 
    27775757 
    26945875 
    27129549 
    26952907 
    27262419 
    29074595 
    27391009 
    26259913 
    26795933 
    26984241 
    28234180 
    28929526 
    27537530 
    27092971 
    27523615 
    27526661 
    27313282 
    26799200 
    28525497 
    27646929 
    27179015 
    27138269 
    27426220 
    28594784 
    28411120 
    27507017 
    26632482 
    27426466 
    26303644 
    28160028 
    28240823 
    27150916 
    28379902 
    26852291 
    28328837 
    27635609 
    29198511 
    27806693 
    28745668 
    27205892 
    26712651 
    27801422 
    28574046 
    27914131 
    27876716 
    27390943 
    27837504 
    27345378 
    27866513 
    27030891 
    26541722 
    28189191 
    26961258 
    28121293 
    28723807 
    27773400 
    27227406 
    26454516 
    28191610 
    27650331 
    28749248 
    28117095 
    28093132 
    28157082 
    27753600 
    29076706 
    26748101 
    25769195 
    27503271 
    27627939 
    26556101 
    27938343 
    27890832 
    29078892 
    27399946 
    29121664 
    27412321 
    28745680 
    28745704 
    28399097 
    27378603 
    27465634 
    27240121 
    26922284 
    24482079 
    27780397 
    29119147 
    29315455 
    26908745 
    25415575 
    25700958 
    28778946 
    29110872 
    29039835 
    27120328 
    26843571 
    29171485 
    29223435 
    28799408 
    26671306 
    29362794 
    27842938 
    28106343 
    27489158 
    27666002 
    27098835 
    28132961 
    25524184 
    28411291 
    27271828 
    28640149 
    28710707 
    27587514 
    28099093 
    27590413 
    27262881 
    28233062 
    27824418 
    27013511 
    26754409 
    28638008 
    28255107 
    26475125 
    27965076 
    27481092 
    27799233 
    26845754 
    26293923 
    27977590 
    28328857 
    28159420 
    28085911 
    27677651 
    27636922 
    28296069 
    26967531 
    28539176 
    27987507 
    27874908 
    28893379 
    28209949 
    27229665 
    27297081 
    27614403 
    26488927 
    28525975 
    27988092 
    27469338 
    26228686 
    29171491 
    27639585 
    28050659 
    27543999 
    27609254 
    28303872 
    28514544 
    27032003 
    27861383 
    26796776 
    27640209 
    29053119 
    27548074 
    27053389 
    27628038 
    28619104 
    28284499 
    28745065 
    27557138 
    27338841 
    28306681 
    27749739 
    27261930 
    28364424 
    28139456 
    27580008 
    28420846 
    27919852 
    27577530 
    27192990 
    27017562 
    27272106 
    27094242 
    26493784 
    27565284 
    27764882 
    27430183 
    27280942 
    27822962 
    27759896 
    27152759 
    27663179 
    28646118 
    28219663 
    27979043 
    24897742 
    27648646 
    27922585 
    28484817 
    26980321 
    27927817 
    27939471 
    27495036 
    26598101 
    27687455 
    28526024 
    27793623 
    26994036 
    27826975 
    27614551 
    28603306 
    25904758 
    27542955 
    27005894 
    27125754 
    28252630 
    27837385 
    27546747 
    27455842 
    28690295 
    28295882 
    28290648 
    26917198 
    28512050 
    28280732 
    27669125 
    27789144 
    27167769 
    27930571 
    27866948 
    27749358 
    27628225 
    27105616 
    28601329 
    28315744 
    27671861 
    26867778 
    27122616 
    27072006 
    28509471 
    28652016 
    28444800 
    27226344 
    28665208 
    28483284 
    29517677 
    27733271 
    27328112 
    28973248 
    27401184 
    27491558 
    29037481 
    28619688 
    27643835 
    27322086 
    27271831 
    28535970 
    27589573 
    28189811 
    28091723 
    27900627 
    27697071 
    26775064 
    29042362 
    27832317 
    26971108 
    28869100 
    26644262 
    27765670 
    27167236 
    27050187 
    27779490 
    26869640 
    27742241 
    27682744 
    28187730 
    27884743 
    27734108 
    25523881 
    27461999 
    28663400 
    28234134 
    27513654 
    29171502 
    27507186 
    28069663 
    27636930 
    27660839 
    28438444 
    28860790 
    27711088 
    27378481 
    28025931 
    26968472 
    27307716 
    27792638 
    28236793 
    26578201 
    27149640 
    27536779 
    27487810 
    28822403 
    28538557 
    27914764 
    26083151 
    26324537 
    27872458 
    29016692 
    28745848 
    28196033 
    28192260 
    27789095 
    28449303 
    26927811 
    28186565 
    26846295 
    28593859 
    27298567 
    27911430 
    27251959 
    28325091 
    27235004 
    28938956 
    28199364 
    27549352 
    29107160 
    27592341 
    27569963 
    28569169 
    26319579 
    27804937 
    26951166 
    27038805 
    27992624 
    26837508 
    26991711 
    29285754 
    26501990 
    28594795 
    27655376 
    27261171 
    27206420 
    26390875 
    28423252 
    27906452 
    27253238 
    27048694 
    28702928 
    27696720 
    27939268 
    26781392 
    27662567 
    26590154 
    26842902 
    28849676 
    26354287 
    27498390 
    27263814 
    28241354 
    27885960 
    28442600 
    27974669 
    27792650 
    26721255 
    28509498 
    29384974 
    28914846 
    28416199 
    27221664 
    26790579 
    26553429 
    28805760 
    28687509 
    28079428 
    27568850 
    28139259 
    27083248 
    26898212 
    28063909 
    27292438 
    27783213 
    27671048 
    27179983 
    27637308 
    27325226 
    27457513 
    27482017 
    27236630 
    27527344 
    27780971 
    25031375 
    28574333 
    27122672 
    27461026 
    28259588 
    27785551 
    26925994 
    27890713 
    27521044 
    27229333 
    27451467 
    28851729 
    26248628 
    28011798 
    28419620 
    27760536 
    28506981 
    28267480 
    27892890 
    27906197 
    27477728 
    27435682 
    27485998 
    28478626 
    28402864 
    25707452 
    27543785 
    27531787 
    27919836 
    29517676 
    28821335 
    28385315 
    27530880 
    27568795 
    28625669 
    26923163 
    27419141 
    27581678 
    27355142 
    28892556 
    27526649 
    27346595 
    26846971 
    27733531 
    27719649 
    27378531 
    26686309 
    28262917 
    27179721 
    27853823 
    26890471 
    27178606 
    28780771 
    26928310 
    28417267 
    26988871 
    27147252 
    28091494 
    28364434 
    29171497 
    27235611 
    28374691 
    27932051 
    27663190 
    27494177 
    28392512 
    27654839 
    29063899 
    27049323 
    26957489 
    27317014 
    27107921 
    27657798 
    27175028 
    27888051 
    27126598 
    28374724 
    28317823 
    27026642 
    27735912 
    27753599 
    27846170 
    26676676 
    28562574 
    25608845 
    28698085 
    27522388 
    27206261 
    29206786 
    29193768 
    27114077 
    26992625 
    27213284 
    28402866 
    27062352 
    27984499 
    27882375 
    26621816 
    29040346 
    28042730 
    27891062 
    26396105 
    28266826 
    27021227 
    26974676 
    29502768 
    27782813 
    25862755 
    27462000 
    25875954 
    28631708 
    28053267 
    27209352 
    27250846 
    28666693 
    27167382 
    27146390 
    26771393 
    26253780 
    29064957 
    28091479 
    29106698 
    28640782 
    28139590 
    26876818 
    27073262 
    27684841 
    27682749 
    28002757 
    27435077 
    27220694 
    28367855 
    26521717 
    28197755 
    27889307 
    27988491 
    26994940 
    26797138 
    27876738 
    28765007 
    27067962 
    28511184 
    26688233 
    28594721 
    27455175 
    26988554 
    28398899 
    28378724 
    25819066 
    27179058 
    27579523 
    28223428 
    27271832 
    27699496 
    28188036 
    27886530 
    27146448 
    27297773 
